facts,corrupted_facts,fact_reasoning,corrupted_reasoning,source,brainstorm
Dr. Ransford terminates Pemberton Bryce's employment with three months' salary after learning about Bryce's repeated marriage proposals to Mary.,Dr. Ransford terminates Pemberton Bryce's employment with three months' salary after learning about Bryce's incompetence as a medical assistant.,"In Chapter 1, Mary informs Dr. Ransford about Bryce's repeated marriage proposals. In Chapter 2, Ransford offers Bryce a cheque for three months' salary to terminate his employment immediately. This sequence of events suggests that Ransford's decision to terminate Bryce's employment is directly related to Bryce's persistent romantic pursuit of Mary.","The outline does not mention any incompetence on Bryce's part as a medical assistant. The termination is related to his romantic pursuit of Mary, not his professional performance.","Chapter 1, 2","- Chapter 1, item 3: Mary informs Dr. Ransford that Pemberton Bryce has proposed to her again.
- Chapter 2, item 4: Ransford offers Bryce a cheque for three months' salary to terminate his employment immediately.
- Relationship: Cause and effect"
The mysterious stranger whom Bryce directed to Paradise is later found dead at the foot of St. Wrytha's Stair in the Cathedral.,The mysterious stranger whom Bryce directed to Paradise is later found alive at the foot of St. Wrytha's Stair in the Cathedral.,"In Chapter 3, Bryce first directs a mysterious stranger seeking Dr. Ransford towards Paradise. Later in the same chapter, Bryce and Varner discover the body of this same mysterious stranger at the foot of St. Wrytha's Stair in the Cathedral. This sequence of events connects the stranger's initial appearance and his subsequent death.","The outline clearly states that the stranger was found dead, not alive, making this corrupted fact incorrect.",Chapter 3,"- Chapter 3, item 2: Bryce directs the stranger towards Paradise, where he might find Dr. Ransford.
- Chapter 3, item 5: Bryce and Varner discover the body of the mysterious stranger at the foot of St. Wrytha's Stair.
- Relationship: Temporal sequence and location"
"Despite having no identification papers on his body, the victim John Braden is identified through his recent bank transaction of opening an account with £10,000.","Despite having no identification papers on his body, the victim John Braden is identified through his driver's license found in his hotel room.","In Chapter 4, it's revealed that the victim has no identification papers, only a purse with money. However, in Chapter 6, Mr. Alexander Chilstone, a bank manager, provides crucial information about John Braden opening an account with £10,000 two days before his death. This bank transaction helps identify the victim despite the lack of identification papers on his person.","The outline does not mention any driver's license or identification found in Braden's hotel room. The identification is made through the bank transaction, not a driver's license.","Chapter 4, 6","- Chapter 4, item 2: The victim has no identification papers, only a purse with money.
- Chapter 6, item 5: Mr. Alexander Chilstone, a bank manager, provides information about Braden opening an account with £10,000 two days before his death.
- Relationship: Contradiction and identity revelation"
"The marriage entry Bryce discovers in Braden Medworth's parish register, connecting Mary Bewery, John Brake, and Mark Ransford, is confirmed and elaborated upon by Mr. Gilwaters, who performed the ceremony 22 years ago.","The marriage entry Bryce discovers in Braden Medworth's parish register, connecting Mary Bewery, John Brake, and Mark Ransford, is refuted by Mr. Gilwaters, who claims he never performed such a ceremony.","In Chapter 8, Bryce discovers a marriage entry in Braden Medworth connecting Mary Bewery, John Brake, and Mark Ransford. This information is then confirmed and expanded upon in Chapter 9, where Mr. Gilwaters reveals that he married Mary Bewery to John Brake 22 years ago, with Mark Ransford serving as the best man. This connection provides verification and additional details about the relationship between these key characters.","Mr. Gilwaters confirms the marriage rather than refuting it, making this corrupted fact incorrect.","Chapter 8, 9","- Chapter 8, item 4: Bryce discovers a marriage entry connecting Mary Bewery, John Brake, and Mark Ransford.
- Chapter 9, item 3: Mr. Gilwaters reveals he married Mary Bewery to John Brake 22 years ago, with Mark Ransford as the best man.
- Relationship: Confirmation and elaboration of information"
"Collishaw, the man found dead by Bryce in Wrychester Paradise, was the same individual who claimed to have information about Braden's death.","Collishaw, the man found dead by Bryce in Wrychester Paradise, was the same individual who witnessed Braden's fall from St. Wrytha's Stair.","In Chapter 12, Bryce discovers a dead man in Wrychester Paradise and sends Dick Bewery to fetch Inspector Mitchington. When Mitchington arrives, he reveals that the dead man, Collishaw, was the person who claimed to have information about a previous incident, which is understood to be Braden's death. This connection suggests a link between the two deaths and implies that Collishaw's death might be related to the information he possessed about Braden's demise.","The outline does not state that Collishaw witnessed Braden's fall. It only mentions that he claimed to have information about a previous incident, making this corrupted fact incorrect.",Chapter 12,"- Chapter 12, item 2: Bryce sends Dick Bewery to fetch Inspector Mitchington and Dr. Coates to the scene.
- Chapter 12, item 4: Mitchington reveals that Collishaw was the man who claimed to have information about a previous incident.
- Relationship: Connection between two deaths and potential information"
"Despite being seen walking with Sackville Bonham in the garden, Mary Bewery firmly denies any intention of marrying him when confronted by Mrs. Folliot.","Despite being seen walking with Sackville Bonham in the garden, Mary Bewery eagerly accepts the idea of marrying him when suggested by Mrs. Folliot.","In Chapter 2, Bryce observes Mary walking with Sackville Bonham, suggesting a potential romantic interest. However, in Chapter 22, Mary explicitly rejects the idea of marrying Sackville when Mrs. Folliot brings up the topic. This fact demonstrates the contrast between the initial perception of Mary's relationship with Sackville and her actual intentions.","This corrupted fact contradicts Mary's firm denial of any intention to marry Sackville Bonham, as stated in Chapter 22.","Chapter 2, 22","- Chapter 2, item 5: Bryce points out Mary Bewery walking in the garden with Sackville Bonham.
- Chapter 22, item 5: Mary firmly denies any intention of marrying Sackville Bonham to Mrs. Folliot.
- Relationship: Mary's relationship with Sackville Bonham"
"The folded note Bryce secretly took from John Braden's purse contained a Latin inscription pointing to a location in Wrychester Paradise, which Braden had shown to Harker the night before his death.","The folded note Bryce secretly took from John Braden's purse contained a map of Wrychester Paradise, which Braden had shown to Harker the night before his death.","In Chapter 3, Bryce secretly takes a folded note from the dead man's purse. Chapter 5 reveals that this note contains a Latin inscription pointing to a location in Wrychester Paradise. Later, in Chapter 14, it's disclosed that Brake (Braden) had shown Harker a secret Latin inscription kept in his purse the night before his death. This fact connects these events, showing that the note Bryce took was the same inscription Braden had shown Harker.","The note contained a Latin inscription, not a map, making this corrupted fact incorrect.","Chapter 3, 5, 14","- Chapter 3, item 6: Bryce secretly searches the dead man's pockets, finding a purse and a folded note, which he keeps.
- Chapter 5, item 1: Bryce examines a scrap of paper found in the dead man's purse, which contains a Latin inscription pointing to a location in Wrychester Paradise.
- Chapter 14, item 4: Brake shows Harker a secret Latin inscription, which he keeps in his purse.
- Relationship: The Latin inscription found in Braden's purse"
"John Braden, who opened a bank account with £10,000 two days before his death, was actually John Brake, an ex-bank manager and ex-convict who visited Harker the night before he died.","John Braden, who opened a bank account with £100,000 two days before his death, was actually John Brake, a current bank manager who visited Harker the night before he died.","In Chapter 6, Mr. Chilstone reveals that Braden opened an account with £10,000 shortly before his death. Chapter 14 discloses that John Braden was actually John Brake, an ex-bank manager and ex-convict, and that he visited Harker the night before his death. This fact connects these pieces of information, revealing the true identity of Braden and his actions leading up to his death.","The amount in the bank account was £10,000, not £100,000, and Brake was an ex-bank manager, not a current one, making this corrupted fact incorrect.","Chapter 6, 14","- Chapter 6, item 5: Mr. Alexander Chilstone, a bank manager, provides crucial information about Braden opening an account with £10,000 two days before his death.
- Chapter 14, item 2: Harker discloses that John Braden was actually John Brake, an ex-bank manager and ex-convict, who visited Harker the night before his death.
- Relationship: John Braden's identity and actions before his death"
"The marriage entry Bryce discovered, connecting Mary Bewery, John Brake, and Mark Ransford, was the record of John Brake's marriage to Mary Bewery (the elder) 22 years ago, with Ransford as the best man, revealing that John Braden (Brake) was actually Mary and Dick Bewery's father.","The marriage entry Bryce discovered, connecting Mary Bewery, John Brake, and Mark Ransford, was the record of Mark Ransford's marriage to Mary Bewery 22 years ago, with John Brake as the best man, revealing that Ransford was actually Mary and Dick Bewery's father.","In Chapter 8, Bryce finds a marriage entry connecting Mary Bewery, John Brake, and Mark Ransford. Chapter 9 elaborates on this, with Mr. Gilwaters revealing that he married Mary Bewery (the elder) to John Brake 22 years ago, with Ransford as the best man. Finally, in Chapter 27, Ransford reveals to Mary and Dick that John Braden was actually their father, John Brake. This fact connects these pieces of information, revealing the true relationships between the characters.","This corrupted fact incorrectly states that Ransford married Mary Bewery, when in fact John Brake married Mary Bewery (the elder), making it incorrect.","Chapter 8, 9, 27","- Chapter 8, item 4: Bryce discovers a marriage entry connecting Mary Bewery, John Brake, and Mark Ransford.
- Chapter 9, item 3: Mr. Gilwaters reveals that he married Mary Bewery, his former governess, to John Brake 22 years ago, with Mark Ransford as the best man.
- Chapter 27, item 3: Ransford reveals to Mary and Dick that John Braden was actually their father, John Brake.
- Relationship: The true relationship between Mary, Dick, John Brake, and Mark Ransford"
"Collishaw, found dead by Bryce in Wrychester Paradise, was poisoned with hydrocyanic acid by Folliot, likely through a doctored pill.","Collishaw, found dead by Bryce in Wrychester Paradise, was poisoned with arsenic by Ransford, likely through contaminated food.","In Chapter 12, Bryce discovers Collishaw's body in Wrychester Paradise, and Dr. Coates confirms that he was poisoned with hydrocyanic acid. Chapter 19 introduces Bryce's theory that Collishaw was poisoned through a doctored pill. Finally, in Chapter 27, Ransford confirms that Folliot was responsible for poisoning Collishaw. This fact combines these elements to provide a comprehensive account of Collishaw's death.","This corrupted fact incorrectly states that Ransford poisoned Collishaw with arsenic, when in fact Folliot poisoned him with hydrocyanic acid, making it incorrect.","Chapter 12, 19, 27","- Chapter 12, item 2: Bryce finds a dead man, later identified as Collishaw, in Wrychester Paradise.
- Chapter 12, item 7: Dr. Coates confirms that Collishaw was poisoned with hydrocyanic acid.
- Chapter 19, item 6: Bryce theorizes about the method of Collishaw's poisoning through a doctored pill.
- Chapter 27, item 6: Ransford clarifies that Folliot poisoned Collishaw.
- Relationship: The circumstances of Collishaw's death"
"Despite being seen walking with Sackville Bonham in the garden, Mary Bewery firmly denies any intention of marrying him when confronted by Mrs. Folliot.","Despite being seen walking with Sackville Bonham in the garden, Mary Bewery eagerly expresses her intention to marry him when confronted by Mrs. Folliot.","In Chapter 2, Bryce observes Mary walking with Sackville Bonham, suggesting a potential romantic connection. However, in Chapter 22, Mary explicitly rejects the idea of marrying Sackville when Mrs. Folliot brings up the topic. This fact highlights the contrast between the perceived relationship and Mary's actual intentions.","This corrupted fact contradicts Mary's actual response in Chapter 22, where she firmly denies any intention of marrying Sackville Bonham.","Chapter 2, 22","- Chapter 2, item 5: Bryce points out Mary Bewery walking in the garden with Sackville Bonham.
- Chapter 22, item 5: Mary firmly denies any intention of marrying Sackville Bonham to Mrs. Folliot.
- Relationship: Contrast between perceived and actual romantic intentions"
"The folded note Bryce secretly took from John Braden's purse contained a Latin inscription pointing to a location in Wrychester Paradise, which Braden had shown to Harker the night before his death.","The folded note Bryce secretly took from John Braden's purse contained a map of Wrychester Paradise, which Braden had shown to Harker the night before his death.","In Chapter 3, Bryce secretly takes a folded note from the dead man's purse. Chapter 5 reveals that this note contains a Latin inscription pointing to a location in Wrychester Paradise. Later, in Chapter 14, we learn that Brake (Braden) had shown this secret Latin inscription to Harker the night before his death. This fact connects the note Bryce found with its significance and Braden's actions prior to his death.","The note contained a Latin inscription, not a map, making this corrupted fact incorrect.","Chapter 3, 5, 14","- Chapter 3, item 6: Bryce secretly searches the dead man's pockets, finding a purse and a folded note, which he keeps.
- Chapter 5, item 1: Bryce examines a scrap of paper found in the dead man's purse, which contains a Latin inscription pointing to a location in Wrychester Paradise.
- Chapter 14, item 4: Brake shows Harker a secret Latin inscription, which he keeps in his purse.
- Relationship: Connection between the note Bryce found and its significance"
"John Braden, who opened a bank account with £10,000 two days before his death, was actually John Brake, an ex-bank manager and ex-convict who visited Harker the night before he died.","John Braden, who opened a bank account with £100,000 two days before his death, was actually John Brake, a current bank manager who visited Harker the night before he died.","In Chapter 6, we learn from Mr. Chilstone that Braden opened an account with £10,000 shortly before his death. Chapter 14 reveals that John Braden was actually John Brake, an ex-bank manager and ex-convict, and that he visited Harker the night before his death. This fact connects Braden's financial activity with his true identity and his actions just before his death.","The amount in the bank account was £10,000, not £100,000, and Brake was an ex-bank manager and ex-convict, not a current bank manager, making this corrupted fact incorrect.","Chapter 6, 14","- Chapter 6, item 5: Mr. Alexander Chilstone, a bank manager, provides crucial information about Braden opening an account with £10,000 two days before his death.
- Chapter 14, item 2: Harker discloses that John Braden was actually John Brake, an ex-bank manager and ex-convict, who visited Harker the night before his death.
- Relationship: Connection between Braden's identity and his financial activities"
"The marriage entry Bryce discovered, connecting Mary Bewery, John Brake, and Mark Ransford, was the record of John Brake's marriage to Mary Bewery (the elder) 22 years ago, with Ransford as the best man, revealing that John Braden (Brake) was actually Mary and Dick Bewery's father.","The marriage entry Bryce discovered, connecting Mary Bewery, John Brake, and Mark Ransford, was the record of Mark Ransford's marriage to Mary Bewery 22 years ago, with John Brake as the best man, revealing that John Braden (Brake) was actually Mary and Dick Bewery's uncle.","In Chapter 8, Bryce discovers a marriage entry connecting Mary Bewery, John Brake, and Mark Ransford. Chapter 9 confirms this through Mr. Gilwaters' account of the marriage he performed 22 years ago. Finally, in Chapter 27, Ransford reveals that John Braden was actually John Brake, Mary and Dick's father. This fact connects the discovered marriage entry with the actual marriage and the family relationship it represents.","This corrupted fact incorrectly states that Ransford married Mary Bewery, when in fact John Brake married Mary Bewery with Ransford as the best man. It also incorrectly identifies Braden (Brake) as Mary and Dick's uncle instead of their father.","Chapter 8, 9, 27","- Chapter 8, item 4: Bryce visits Braden Medworth, where he examines parish registers and discovers a marriage entry connecting Mary Bewery, John Brake, and Mark Ransford.
- Chapter 9, item 3: Mr. Gilwaters reveals that he married Mary Bewery, his former governess, to John Brake 22 years ago, with Mark Ransford as the best man.
- Chapter 27, item 3: Ransford reveals to Mary and Dick that John Braden was actually their father, John Brake.
- Relationship: Connection between the marriage entry, the actual marriage, and the family relationship"
"Collishaw, found dead by Bryce in Wrychester Paradise, was poisoned with hydrocyanic acid by Folliot, likely through a doctored pill.","Collishaw, found dead by Bryce in Wrychester Paradise, was poisoned with arsenic by Ransford, likely through contaminated food.","In Chapter 12, Bryce discovers Collishaw's body in Wrychester Paradise, and Dr. Coates confirms that he was poisoned with hydrocyanic acid. Chapter 27 reveals that Folliot was responsible for poisoning Collishaw. This fact connects the discovery of Collishaw's body, the cause of death, and the identity of the perpetrator.","This corrupted fact incorrectly states that Ransford poisoned Collishaw with arsenic, when in fact Folliot poisoned him with hydrocyanic acid, making this corrupted fact incorrect.","Chapter 12, 27","- Chapter 12, item 1: Bryce finds a dead man, later identified as Collishaw, in Wrychester Paradise.
- Chapter 12, item 7: Dr. Coates confirms that Collishaw was poisoned with hydrocyanic acid.
- Chapter 27, item 6: Ransford clarifies the recent events, including Folliot's poisoning of Collishaw and the accidental death of Brake.
- Relationship: Connection between Collishaw's death and the perpetrator"
"Shortly after being dismissed by Dr. Ransford with three months' salary, Bryce directs a mysterious stranger towards Paradise to find Ransford.","Shortly after being dismissed by Dr. Ransford with six months' salary, Bryce directs a mysterious stranger towards Paradise to find Ransford.","In Chapter 2, Ransford terminates Bryce's employment with three months' salary. Immediately after, in Chapter 3, Bryce encounters a stranger looking for Ransford and directs him to Paradise. This sequence of events suggests a potential motive for Bryce's actions, as he may harbor resentment towards Ransford for his dismissal.",The corrupted fact incorrectly states that Bryce was given six months' salary instead of the actual three months mentioned in the outline.,"Chapter 2, 3","- Chapter 2, item 4: Ransford offers Bryce a cheque for three months' salary to terminate his employment immediately.
- Chapter 3, item 2: Bryce directs the stranger towards Paradise, where he might find Dr. Ransford.
- Relationship: Temporal sequence and potential motive"
"The mysterious stranger whose body Bryce and Varner discovered at the foot of St. Wrytha's Stair was violently flung from a doorway by someone with a ""gentleman's hand,"" according to Varner's eyewitness account.","The mysterious stranger whose body Bryce and Varner discovered at the foot of St. Wrytha's Stair fell accidentally, according to Varner's eyewitness account.","In Chapter 3, Bryce and Varner find the body of the mysterious stranger at St. Wrytha's Stair. Chapter 4 provides more details about the incident through Varner's eyewitness account, describing how the victim was violently thrown from a doorway by someone with a ""gentleman's hand."" This connection provides a more comprehensive understanding of the circumstances surrounding the stranger's death.","The corrupted fact contradicts Varner's actual account, which states that the victim was violently flung from a doorway, not that he fell accidentally.","Chapter 3, 4","- Chapter 3, item 5: Bryce and Varner discover the body of the mysterious stranger at the foot of St. Wrytha's Stair.
- Chapter 4, item 3: Varner, a witness, describes seeing the victim being violently flung from a doorway by someone with a ""gentleman's hand.""
- Relationship: Elaboration on the circumstances of the mysterious stranger's death"
"The scrap of paper with a Latin inscription that Bryce found in the dead man's purse is the same secret inscription that Brake showed to Harker before his death, pointing to a location in Wrychester Paradise.","The scrap of paper with a Greek inscription that Bryce found in the dead man's purse is the same secret inscription that Brake showed to Harker before his death, pointing to a location in Wrychester Cathedral.","In Chapter 5, Bryce examines a scrap of paper from the dead man's purse containing a Latin inscription pointing to a location in Wrychester Paradise. Chapter 14 reveals that Brake had shown Harker a secret Latin inscription kept in his purse before his death. The connection between these two pieces of information confirms that the dead man was indeed Brake and that the inscription was significant to his purpose in Wrychester.","The corrupted fact incorrectly states that the inscription was in Greek and pointed to a location in Wrychester Cathedral, while the outline clearly mentions a Latin inscription pointing to Wrychester Paradise.","Chapter 5, 14","- Chapter 5, item 1: Bryce examines a scrap of paper found in the dead man's purse, which contains a Latin inscription pointing to a location in Wrychester Paradise.
- Chapter 14, item 4: Brake shows Harker a secret Latin inscription, which he keeps in his purse.
- Relationship: Identification of the same item and its significance"
"John Braden, who opened a bank account with £10,000 two days before his death, was actually John Brake, an ex-bank manager and ex-convict who visited Harker the night before he died.","John Braden, who opened a bank account with £5,000 two days before his death, was actually John Brake, a current bank manager who visited Harker the night before he died.","In Chapter 6, Mr. Chilstone reveals that Braden opened an account with £10,000 shortly before his death. Chapter 14 provides the crucial information that John Braden was actually John Brake, an ex-bank manager and ex-convict. This connection reveals the true identity of the victim and adds context to his recent financial activity, suggesting a possible motive for his presence in Wrychester.","The corrupted fact incorrectly states the amount of money as £5,000 instead of £10,000, and describes Brake as a current bank manager rather than an ex-bank manager and ex-convict.","Chapter 6, 14","- Chapter 6, item 5: Mr. Alexander Chilstone, a bank manager, provides crucial information about Braden opening an account with £10,000 two days before his death.
- Chapter 14, item 2: Harker discloses that John Braden was actually John Brake, an ex-bank manager and ex-convict, who visited Harker the night before his death.
- Relationship: Revelation of the victim's true identity and his recent financial activity"
"The marriage entry Bryce discovered in Braden Medworth's parish register, connecting Mary Bewery, John Brake, and Mark Ransford, is confirmed and elaborated upon by Mr. Gilwaters, who performed the ceremony 22 years ago.","The marriage entry Bryce discovered in Braden Medworth's parish register, connecting Mary Bewery, John Brake, and Mark Ransford, is refuted by Mr. Gilwaters, who claims he never performed such a ceremony.","In Chapter 8, Bryce finds a marriage entry in Braden Medworth's parish register linking Mary Bewery, John Brake, and Mark Ransford. Chapter 9 provides confirmation and additional details from Mr. Gilwaters, who reveals that he married Mary Bewery (his former governess) to John Brake 22 years ago, with Mark Ransford as the best man. This connection validates Bryce's discovery and provides more context about the relationship between these individuals.","The corrupted fact contradicts Mr. Gilwaters' actual statement, which confirms and elaborates on the marriage entry rather than refuting it.","Chapter 8, 9","- Chapter 8, item 4: Bryce visits Braden Medworth, where he examines parish registers and discovers a marriage entry connecting Mary Bewery, John Brake, and Mark Ransford.
- Chapter 9, item 3: Mr. Gilwaters reveals that he married Mary Bewery, his former governess, to John Brake 22 years ago, with Mark Ransford as the best man.
- Relationship: Confirmation and elaboration of the marriage entry discovered by Bryce"
"Collishaw, the man found dead by Bryce in Wrychester Paradise, was the same individual who claimed to have information about a previous incident and was poisoned with hydrocyanic acid.","Collishaw, the man found dead by Bryce in Wrychester Cathedral, was a random victim who had no connection to the previous incident and died from natural causes.","In Chapter 12, Bryce discovers a dead man in Wrychester Paradise, who is later identified as Collishaw. Mitchington reveals that Collishaw was the person who claimed to have information about a previous incident. Dr. Coates confirms that Collishaw died from hydrocyanic acid poisoning. This connection suggests that Collishaw's death may be related to the information he possessed about the previous incident, possibly Braden's death.","The corrupted fact incorrectly states that Collishaw was found in the Cathedral (instead of Paradise), had no connection to the previous incident, and died from natural causes, all of which contradict the information provided in the outline.",Chapter 12,"- Chapter 12, item 1: Bryce discovers a dead man, later identified as Collishaw, in Wrychester Paradise.
- Chapter 12, item 4: Mitchington reveals that Collishaw was the man who claimed to have information about a previous incident.
- Chapter 12, item 7: Dr. Coates confirms that Collishaw was poisoned with hydrocyanic acid.
- Relationship: Connection between Collishaw's death, his knowledge, and the method of his murder"
"The pill box with Ransford's handwriting found in Collishaw's pocket, which led to Bryce's theory about poisoning through a doctored pill, was actually part of Folliot's plan to frame Ransford for Collishaw's murder.","The pill box with Ransford's handwriting found in Collishaw's pocket, which led to Bryce's theory about poisoning through a doctored pill, was actually part of Bryce's plan to frame Ransford for Collishaw's murder.","In Chapter 13, a pill box with Ransford's handwriting is found in Collishaw's pocket. Chapter 19 shows Bryce theorizing about Collishaw being poisoned through a doctored pill. However, Chapter 26 reveals that Folliot was the actual perpetrator, as he prepares for a confrontation when the group arrives. This connection suggests that Folliot planted the pill box to frame Ransford for Collishaw's murder, which aligns with Bryce's theory about the method of poisoning.","The corrupted fact incorrectly attributes the framing of Ransford to Bryce, when the outline reveals that Folliot was the actual perpetrator.","Chapter 13, 19, 26","- Chapter 13, item 2: Mitchington shows Bryce a pill box with Ransford's handwriting found in Collishaw's pocket.
- Chapter 19, item 6: Bryce theorizes about the method of Collishaw's poisoning through a doctored pill.
- Chapter 26, item 5: Folliot instructs Bryce to let the group in, preparing for a confrontation.
- Relationship: Connection between the evidence, theory, and the actual perpetrator of Collishaw's murder"
"Bryce identifies Stephen Folliot as Falkiner Wraye based on Wraye's distinctive physical features, including a scar and missing finger, and Folliot's involvement in offering a reward to protect someone who incurred Braden's hatred.","Bryce identifies Stephen Folliot as Falkiner Wraye based on Wraye's distinctive physical features, including a limp and a tattoo, and Folliot's involvement in offering a reward to find Braden's killer.","In Chapter 21, Bryce learns about Falkiner Wraye's distinctive physical features. Chapter 24 shows Folliot suggesting he might be offering a reward to protect a friend who incurred Braden's hatred. In Chapter 25, Bryce reveals his knowledge of Folliot's true identity as Falkiner Wraye. This connection demonstrates how Bryce pieced together the evidence to uncover Folliot's true identity and his connection to John Brake's imprisonment.","The corrupted fact incorrectly states Wraye's distinctive features as a limp and a tattoo, instead of a scar and missing finger, and misrepresents Folliot's reason for offering the reward.","Chapter 21, 24, 25","- Chapter 21, item 3: Bryce learns about the distinctive physical features of Falkiner Wraye, including a scar and missing finger.
- Chapter 24, item 4: Folliot suggests that he might be offering the reward to protect a friend who incurred Braden's hatred.
- Chapter 25, item 3: Bryce reveals his knowledge of Folliot's true identity as Falkiner Wraye and his connection to John Brake's imprisonment.
- Relationship: Revelation of Folliot's true identity as Falkiner Wraye"
"John Braden, revealed to be John Brake, was Mary and Dick Bewery's father, who had been wrongfully imprisoned due to the actions of Falkiner Wraye (Folliot) and Flood (Fladgate), 22 years after his marriage to Mary Bewery (the elder) with Mark Ransford as his best man.","John Braden, revealed to be John Brake, was Mary and Dick Bewery's uncle, who had been rightfully imprisoned due to the actions of Mark Ransford and Flood (Fladgate), 10 years after his marriage to Mary Bewery (the elder) with Falkiner Wraye as his best man.","Chapter 27 reveals that John Braden was actually John Brake, Mary and Dick's father, and explains his wrongful imprisonment due to Wraye and Flood's actions. This information is connected to Chapter 9, where Mr. Gilwaters reveals he married John Brake to Mary Bewery (the elder) 22 years ago, with Ransford as the best man. This fact ties together the true identities of the characters, their relationships, and the events that led to the current situation.","The corrupted fact incorrectly states Brake's relationship to Mary and Dick, the nature of his imprisonment, the people responsible for it, the timeline of events, and the role of Ransford and Wraye in the marriage.","Chapter 27, 9","- Chapter 27, item 3: Ransford reveals to Mary and Dick that John Braden was actually their father, John Brake.
- Chapter 27, item 4: Ransford explains the history of John Brake's involvement with Falkiner Wraye (Folliot) and Flood (Fladgate), leading to Brake's wrongful imprisonment.
- Chapter 9, item 3: Mr. Gilwaters reveals that he married Mary Bewery, his former governess, to John Brake 22 years ago, with Mark Ransford as the best man.
- Relationship: Revelation of the true relationship between the characters and the backstory of John Brake's imprisonment"
"During the final confrontation at Folliot's house, Folliot attempted to shoot Glassdale but accidentally killed Bryce, after which he quickly ingested poison, resulting in his own death.","During the final confrontation at Folliot's house, Folliot successfully shot Glassdale, after which Bryce quickly ingested poison, resulting in his own death.","Chapter 26 describes Folliot's attempt to shoot Glassdale, which results in Bryce's death, and Folliot's subsequent ingestion of something presumed to be poison. Chapter 27 confirms these events through Dick's report to Mary. This connection provides a clear account of the final confrontation and its tragic outcomes, involving the deaths of both Bryce and Folliot.",The corrupted fact incorrectly states that Folliot,"Chapter 26, 27","- Chapter 26, item 4: As the group enters the upper room, Folliot attempts to shoot Glassdale but hits Bryce instead, killing him.
- Chapter 26, item 7: Folliot quickly ingests something and sits down in his chair, presumably taking his own life.
- Chapter 27, item 2: Dick informs Mary that Folliot shot Bryce and then poisoned himself at Folliot's house.
- Relationship: Confirmation and elaboration of the final confrontation and its outcomes"
"The folded note Bryce secretly took from the dead man's purse contained a Latin inscription pointing to a location in Wrychester Paradise, which Brake had shown to Harker the night before his death.","The folded note Bryce secretly took from the dead man's purse contained a Greek inscription pointing to a location in Wrychester Cathedral, which Brake had shown to Harker the night before his death.","In Chapter 3, Bryce secretly takes a folded note from the dead man's purse. In Chapter 5, he examines this note and finds a Latin inscription pointing to a location in Wrychester Paradise. Later, in Chapter 14, it's revealed that Brake had shown Harker a secret Latin inscription the night before his death, which he kept in his purse. This connection indicates that the note Bryce took was the same inscription Brake had shown Harker.","The inscription was in Latin, not Greek, and it pointed to a location in Wrychester Paradise, not the Cathedral, making this corrupted fact incorrect.","Chapter 3, 5, 14","- Chapter 3, item 5: Bryce secretly searches the dead man's pockets, finding a purse and a folded note, which he keeps.
- Chapter 5, item 1: Bryce examines a scrap of paper found in the dead man's purse, which contains a Latin inscription pointing to a location in Wrychester Paradise.
- Chapter 14, item 4: Brake shows Harker a secret Latin inscription, which he keeps in his purse.
- Relationship: Central element (Latin inscription)"
"John Braden, who opened a bank account with £10,000 two days before his death, was actually John Brake, an ex-bank manager and ex-convict who visited Harker the night before he died.","John Braden, who opened a bank account with £5,000 two days before his death, was actually John Brake, a current bank manager who visited Harker the week before he died.","In Chapter 6, Mr. Chilstone reveals that Braden opened an account with £10,000 two days before his death. In Chapter 14, Harker discloses that John Braden was actually John Brake, an ex-bank manager and ex-convict, who visited Harker the night before his death. This connection reveals the true identity of the victim and provides context for his actions before his death.","The amount Braden deposited was £10,000, not £5,000, and Brake was an ex-bank manager, not a current one. Additionally, he visited Harker the night before his death, not a week before, making this corrupted fact incorrect.","Chapter 6, 14","- Chapter 6, item 5: Mr. Alexander Chilstone, a bank manager, provides crucial information about Braden opening an account with £10,000 two days before his death.
- Chapter 14, item 2: Harker discloses that John Braden was actually John Brake, an ex-bank manager and ex-convict, who visited Harker the night before his death.
- Relationship: Identity revelation"
"The marriage entry Bryce discovered, connecting Mary Bewery, John Brake, and Mark Ransford, was the record of John Brake's marriage to Mary Bewery (the elder) 22 years ago, with Ransford as the best man, revealing that John Braden (Brake) was actually Mary and Dick Bewery's father.","The marriage entry Bryce discovered, connecting Mary Bewery, John Brake, and Mark Ransford, was the record of Mark Ransford's marriage to Mary Bewery (the elder) 22 years ago, with John Brake as the best man, revealing that Ransford was actually Mary and Dick Bewery's father.","In Chapter 8, Bryce discovers a marriage entry connecting Mary Bewery, John Brake, and Mark Ransford. Chapter 9 confirms this through Mr. Gilwaters' account of the marriage he performed 22 years ago. Finally, in Chapter 27, Ransford explains the history of John Brake, revealing that Braden (Brake) was Mary and Dick Bewery's father. This connection provides crucial information about the family relationships central to the mystery.","The marriage was between John Brake and Mary Bewery (the elder), not between Ransford and Mary Bewery. Ransford was the best man, not John Brake. This makes the corrupted fact incorrect.","Chapter 8, 9, 27","- Chapter 8, item 4: Bryce visits Braden Medworth, where he examines parish registers and discovers a marriage entry connecting Mary Bewery, John Brake, and Mark Ransford.
- Chapter 9, item 3: Mr. Gilwaters reveals that he married Mary Bewery, his former governess, to John Brake 22 years ago, with Mark Ransford as the best man.
- Chapter 27, item 4: Ransford explains the history of John Brake's involvement with Falkiner Wraye (Folliot) and Flood (Fladgate), leading to Brake's wrongful imprisonment.
- Relationship: Family history revelation"
"Collishaw, found dead by Bryce in Wrychester Paradise, was poisoned with hydrocyanic acid by Folliot, while Braden's death was an accident involving Fladgate.","Collishaw, found dead by Bryce in Wrychester Paradise, was accidentally killed by Fladgate, while Braden was poisoned with hydrocyanic acid by Folliot.","In Chapter 12, Bryce discovers Collishaw's body, and Dr. Coates confirms he was poisoned with hydrocyanic acid. Chapter 26 reveals Fladgate's involvement in Braden's accidental death. Finally, in Chapter 27, Ransford clarifies that Folliot poisoned Collishaw, while Brake's (Braden's) death was accidental. This fact connects the two deaths central to the mystery and reveals their true nature.","The corrupted fact switches the causes of death for Collishaw and Braden. Collishaw was poisoned by Folliot, not accidentally killed by Fladgate, and Braden's death was accidental, not a poisoning, making this corrupted fact incorrect.","Chapter 12, 26, 27","- Chapter 12, item 2: Bryce finds a dead man, later identified as Collishaw, in Wrychester Paradise.
- Chapter 12, item 7: Dr. Coates confirms that Collishaw was poisoned with hydrocyanic acid.
- Chapter 26, item 4: Fladgate confesses to his involvement in Braden's accidental death.
- Chapter 27, item 5: Ransford details his efforts to clear Brake's name and find Wraye and Flood over the years.
- Chapter 27, item 6: Ransford clarifies the recent events, including Folliot's poisoning of Collishaw and the accidental death of Brake.
- Relationship: Murder revelation"
"Shortly after being dismissed by Dr. Ransford with three months' salary, Bryce directs a mysterious stranger towards Paradise to find Ransford.","Shortly after being promoted by Dr. Ransford with a salary increase, Bryce directs a mysterious stranger towards Paradise to find Ransford.","In Chapter 1, Mary informs Ransford about Bryce's unwanted advances, leading Ransford to agree to speak with Bryce. In Chapter 2, Ransford terminates Bryce's employment with three months' salary. Immediately after this, in Chapter 3, Bryce directs a mysterious stranger towards Paradise to find Ransford. This sequence of events shows the immediate consequences of Bryce's dismissal and his potential motivation for directing the stranger to Ransford.","Bryce was dismissed by Ransford, not promoted, and given three months' salary as severance, not a salary increase. This makes the corrupted fact incorrect.","Chapter 1, 2, 3","- Chapter 1, item 3: Mary informs Dr. Ransford that his assistant, Pemberton Bryce, has proposed to her again despite previous rejections.
- Chapter 1, item 4: Dr. Ransford agrees to speak with Bryce about his unwanted advances towards Mary.
- Chapter 2, item 4: Ransford offers Bryce a cheque for three months' salary to terminate his employment immediately.
- Chapter 3, item 2: Bryce directs the stranger towards Paradise, where he might find Dr. Ransford.
- Relationship: Cause and effect"
"The mysterious stranger whose body Bryce and Varner discovered at the foot of St. Wrytha's Stair was violently flung from a doorway by someone with a ""gentleman's hand,"" according to Varner's eyewitness account.","The mysterious stranger whose body Bryce and Varner discovered at the foot of St. Wrytha's Stair had accidentally fallen from the doorway, according to Varner's eyewitness account.","In Chapter 3, Varner informs Bryce about a man falling from St. Wrytha's Stair, and they discover the body together. In Chapter 4, Varner provides his eyewitness account, describing that he saw the victim being violently flung from a doorway by someone with a ""gentleman's hand."" This fact connects the discovery of the body with the eyewitness account of how the victim fell.","Varner's account specifically states that the victim was violently flung from the doorway by someone with a ""gentleman's hand,"" not that he accidentally fell, making this corrupted fact incorrect.","Chapter 3, 4","- Chapter 3, item 4: A stone-mason named Varner informs Bryce about a man falling from St. Wrytha's Stair in the Cathedral.
- Chapter 3, item 5: Bryce and Varner discover the body of the mysterious stranger at the foot of St. Wrytha's Stair.
- Chapter 4, item 3: Varner, a witness, describes seeing the victim being violently flung from a doorway by someone with a ""gentleman's hand.""
- Relationship: Eyewitness account"
"The pill box with Ransford's handwriting found in Collishaw's pocket, which led to Bryce's theory about poisoning through a doctored pill, was actually part of Folliot's plan to frame Ransford for Collishaw's murder.","The pill box with Ransford's handwriting found in Collishaw's pocket, which led to Bryce's theory about poisoning through a doctored pill, was actually part of Bryce's plan to frame Folliot for Collishaw's murder.","In Chapter 13, Mitchington shows Bryce a pill box with Ransford's handwriting found in Collishaw's pocket. This leads Bryce to theorize in Chapter 19 about Collishaw being poisoned through a doctored pill. However, in Chapter 27, Ransford clarifies that Folliot was responsible for poisoning Collishaw. This revelation shows that the pill box was part of Folliot's plan to frame Ransford, not evidence of Ransford's guilt as Bryce had theorized.","The pill box was part of Folliot's plan to frame Ransford, not Bryce's plan to frame Folliot. This makes the corrupted fact incorrect.","Chapter 13, 19, 27","- Chapter 11, item 5: Bryce tells Mitchington that Braden visited Ransford's surgery but only spoke to Bryce, asking for directions to the Cathedral Library.
- Chapter 13, item 2: Mitchington shows Bryce a pill box with Ransford's handwriting found in Collishaw's pocket.
- Chapter 19, item 6: Bryce theorizes about the method of Collishaw's poisoning through a doctored pill.
- Chapter 27, item 6: Ransford clarifies the recent events, including Folliot's poisoning of Collishaw and the accidental death of Brake.
- Relationship: False accusation and revelation"
"Bryce identifies Stephen Folliot as Falkiner Wraye based on Wraye's distinctive physical features, including a scar and missing finger, and Folliot's involvement in offering a reward to protect someone who incurred Braden's hatred.","Bryce identifies Stephen Folliot as Falkiner Wraye based on Wraye's distinctive accent and clothing style, and Folliot's involvement in offering a reward to catch Braden's killer.","In Chapter 21, Bryce learns about Falkiner Wraye's distinctive physical features. In Chapter 24, Folliot suggests he might be offering a reward to protect a friend who incurred Braden's hatred. Finally, in Chapter 25, Bryce reveals his knowledge of Folliot's true identity as Falkiner Wraye. This fact shows how Bryce pieced together the evidence to uncover Folliot's true identity.","The distinctive features of Wraye were physical (scar and missing finger), not related to accent or clothing style. Additionally, Folliot offered the reward to protect someone, not to catch Braden's killer. This makes the corrupted fact incorrect.","Chapter 21, 24, 25","- Chapter 21, item 5: Bryce learns about the distinctive physical features of Falkiner Wraye, including a scar and missing finger.
- Chapter 24, item 4: Folliot suggests that he might be offering the reward to protect a friend who incurred Braden's hatred.
- Chapter 25, item 3: Bryce reveals his knowledge of Folliot's true identity as Falkiner Wraye and his connection to John Brake's imprisonment.
- Relationship: Identity revelation"
"The folded note Bryce secretly took from the dead man's purse contained a Latin inscription pointing to a location in Wrychester Paradise, which Brake had shown to Harker the night before his death.","The folded note Bryce secretly took from the dead man's purse contained a map of Wrychester Paradise, which Brake had shown to Harker the night before his death.","In Chapter 3, Bryce secretly takes a folded note from the dead man's purse. Later, in Chapter 5, Bryce examines this scrap of paper and finds it contains a Latin inscription pointing to a location in Wrychester Paradise. Chapter 14 reveals that Brake had shown Harker a secret Latin inscription the night before his death, which he kept in his purse. This connection indicates that the note Bryce took was the same one Brake had shown to Harker.","The note contained a Latin inscription pointing to a location in Wrychester Paradise, not a map of the area, making this corrupted fact incorrect.","Chapters 3, 5, 14","- Chapter 3, item 5: Bryce secretly searches the dead man's pockets, finding a purse and a folded note, which he keeps.
- Chapter 5, item 1: Bryce examines a scrap of paper found in the dead man's purse, which contains a Latin inscription pointing to a location in Wrychester Paradise.
- Chapter 14, item 4: Brake shows Harker a secret Latin inscription, which he keeps in his purse.
Relationship: The folded note/scrap of paper with the Latin inscription is a central element connecting these events."
"John Braden, who opened a bank account with £10,000 two days before his death, was actually John Brake, an ex-bank manager and ex-convict who visited Harker the night before he died.","John Braden, who opened a bank account with £10,000 two days before his death, was actually John Brake, a current bank manager who visited Harker the night before he died.","In Chapter 6, we learn that John Braden opened a bank account with £10,000 two days before his death. Chapter 14 reveals that John Braden was actually John Brake, an ex-bank manager and ex-convict, who visited Harker the night before his death. This connection establishes the true identity of the victim and links his recent financial activity to his past.","John Brake was an ex-bank manager and ex-convict, not a current bank manager, making this corrupted fact incorrect.","Chapters 6, 14","- Chapter 6, item 5: Mr. Alexander Chilstone, a bank manager, provides crucial information about Braden opening an account with £10,000 two days before his death.
- Chapter 14, item 2: Harker discloses that John Braden was actually John Brake, an ex-bank manager and ex-convict, who visited Harker the night before his death.
Relationship: The identity of John Braden is revealed, connecting his recent bank activity to his past."
"The marriage entry Bryce discovered, connecting Mary Bewery, John Brake, and Mark Ransford, was the record of John Brake's marriage to Mary Bewery (the elder) 22 years ago, with Ransford as the best man, revealing that John Braden (Brake) was actually Mary and Dick Bewery's father.","The marriage entry Bryce discovered, connecting Mary Bewery, John Brake, and Mark Ransford, was the record of Ransford's marriage to Mary Bewery 22 years ago, with John Brake as the best man.","In Chapter 8, Bryce discovers a marriage entry connecting Mary Bewery, John Brake, and Mark Ransford. Chapter 9 confirms this information through Mr. Gilwaters, who reveals he married Mary Bewery to John Brake 22 years ago, with Ransford as the best man. Finally, in Chapter 27, Ransford reveals to Mary and Dick that John Braden was actually their father, John Brake. This connection establishes the true relationship between the Bewerys, Brake, and Ransford.","The marriage entry was for John Brake and Mary Bewery (the elder), with Ransford as the best man, not Ransford's marriage to Mary Bewery, making this corrupted fact incorrect.","Chapters 8, 9, 27","- Chapter 8, item 4: Bryce visits Braden Medworth, where he examines parish registers and discovers a marriage entry connecting Mary Bewery, John Brake, and Mark Ransford.
- Chapter 9, item 3: Mr. Gilwaters reveals that he married Mary Bewery, his former governess, to John Brake 22 years ago, with Mark Ransford as the best man.
- Chapter 27, item 3: Ransford reveals to Mary and Dick that John Braden was actually their father, John Brake.
Relationship: The marriage entry discovered by Bryce is confirmed and its significance is revealed."
"Collishaw, found dead by Bryce in Wrychester Paradise, was poisoned with hydrocyanic acid by Folliot, while Braden's death was an accident involving Fladgate.","Collishaw, found dead by Bryce in Wrychester Paradise, was poisoned with hydrocyanic acid by Fladgate, while Braden's death was an accident involving Folliot.","In Chapter 12, Dr. Coates confirms that Collishaw was poisoned with hydrocyanic acid. Chapter 13 mentions a pill box with Ransford's handwriting found in Collishaw's pocket, initially implicating Ransford. However, Chapter 26 reveals Fladgate's involvement in Braden's accidental death, and Chapter 27 clarifies that Folliot poisoned Collishaw, while Brake's (Braden's) death was accidental. This connection establishes the true circumstances of both deaths and clears Ransford of suspicion.","Folliot poisoned Collishaw, and Fladgate was involved in Braden's accidental death, not the other way around, making this corrupted fact incorrect.","Chapters 12, 13, 26, 27","- Chapter 12, item 7: Dr. Coates confirms that Collishaw was poisoned with hydrocyanic acid.
- Chapter 13, item 2: Mitchington shows Bryce a pill box with Ransford's handwriting found in Collishaw's pocket.
- Chapter 26, item 4: Fladgate confesses to his involvement in Braden's accidental death.
- Chapter 27, item 6: Ransford clarifies that Folliot poisoned Collishaw and Brake's death was accidental.
Relationship: The circumstances of Collishaw's death are revealed and connected to Folliot's actions."
"Shortly after being dismissed by Dr. Ransford with three months' salary, Bryce directs a mysterious stranger towards Paradise to find Ransford.","Shortly after being dismissed by Dr. Ransford with three months' salary, Bryce leaves town without further incident.","In Chapter 1, we learn that Bryce has been making unwanted advances towards Mary, and Ransford agrees to speak with him about it. In Chapter 2, Ransford terminates Bryce's employment with three months' salary. Immediately following this in Chapter 3, Bryce encounters and directs a mysterious stranger towards Paradise to find Ransford. This sequence of events shows a direct connection between Bryce's dismissal and his subsequent actions.","Bryce does not leave town after his dismissal but instead directs a mysterious stranger towards Paradise, making this corrupted fact incorrect.","Chapters 1, 2, 3","- Chapter 1, item 3: Mary informs Dr. Ransford that his assistant, Pemberton Bryce, has proposed to her again despite previous rejections.
- Chapter 1, item 4: Dr. Ransford agrees to speak with Bryce about his unwanted advances towards Mary.
- Chapter 2, item 4: Ransford offers Bryce a cheque for three months' salary to terminate his employment immediately.
Relationship: Bryce's dismissal is directly related to his persistent advances towards Mary."
"The mysterious stranger whose body Bryce and Varner discovered at the foot of St. Wrytha's Stair was violently flung from a doorway by someone with a ""gentleman's hand,"" according to Varner's eyewitness account.","The mysterious stranger whose body Bryce and Varner discovered at the foot of St. Wrytha's Stair had accidentally fallen from the doorway, according to Varner's eyewitness account.","In Chapter 3, Varner informs Bryce about a man falling from St. Wrytha's Stair. Chapter 4 elaborates on this, with Varner providing a detailed eyewitness account of seeing the victim being violently flung from a doorway by someone with a ""gentleman's hand."" This connection provides crucial details about the circumstances of the mysterious stranger's death.","Varner's account specifically states that the victim was violently flung from the doorway, not that he accidentally fell, making this corrupted fact incorrect.","Chapters 3, 4","- Chapter 3, item 5: A stone-mason named Varner informs Bryce about a man falling from St. Wrytha's Stair in the Cathedral.
- Chapter 4, item 3: Varner, a witness, describes seeing the victim being violently flung from a doorway by someone with a ""gentleman's hand.""
Relationship: Varner's eyewitness account provides crucial details about the mysterious stranger's death."
"Dr. Ransford is managing the money of Mary and Dick Bewery, who are actually the children of John Brake, whom Ransford served as best man for at his wedding 22 years ago.","Dr. Ransford is managing the money of Mary and Dick Bewery, who are actually his own children from a previous marriage 22 years ago.","In Chapter 1, Dr. Ransford reveals he's managing Mary and Dick's money until they come of age. In Chapter 9, Mr. Gilwaters discloses that John Brake married Mary Bewery (the elder) 22 years ago, with Ransford as the best man. This connection reveals that Ransford is managing the finances of his former best friend's children.","The corrupted fact incorrectly states that Mary and Dick are Ransford's children, which contradicts the information provided in the outline.","Chapter 1, 9","- Chapter 1, item 6: Dr. Ransford reveals that Mary and Dick have their own money, which he's managing until they come of age.
- Chapter 9, item 3: Mr. Gilwaters reveals that he married Mary Bewery, his former governess, to John Brake 22 years ago, with Mark Ransford as the best man.
- Relationship: Family connection and financial management"
"The folded note Bryce secretly took from John Braden's purse contained a Latin inscription pointing to a location in Wrychester Paradise, which Braden had shown to Harker the night before his death.","The folded note Bryce secretly took from John Braden's purse contained a map pointing to a location in Wrychester Paradise, which Braden had shown to Harker the night before his death.","In Chapter 3, Bryce secretly takes a folded note from the dead man's purse. Chapter 5 reveals that this note contains a Latin inscription pointing to a location in Wrychester Paradise. Chapter 14 confirms that Brake (Braden) had shown this secret Latin inscription to Harker the night before his death. This connection establishes the origin and significance of the note Bryce took.","The corrupted fact incorrectly states that the note contained a map, while the outline clearly mentions a Latin inscription, not a map.","Chapter 3, 5, 14","- Chapter 3, item 6: Bryce secretly searches the dead man's pockets, finding a purse and a folded note, which he keeps.
- Chapter 5, item 1: Bryce examines a scrap of paper found in the dead man's purse, which contains a Latin inscription pointing to a location in Wrychester Paradise.
- Chapter 14, item 4: Brake shows Harker a secret Latin inscription, which he keeps in his purse.
- Relationship: The folded note and its contents"
"John Braden, who opened a bank account with £10,000 two days before his death, was actually John Brake, an ex-bank manager and ex-convict who visited Harker the night before he died.","John Braden, who opened a bank account with £10,000 two days before his death, was actually John Brake, a current bank manager who visited Harker the night before he died.","In Chapter 6, Mr. Chilstone reveals that Braden opened an account with £10,000 two days before his death. Chapter 14 discloses that John Braden was actually John Brake, an ex-bank manager and ex-convict, who visited Harker the night before his death. This connection establishes the true identity of the victim and his recent financial activity.","The corrupted fact incorrectly states that Brake was a current bank manager, while the outline clearly mentions he was an ex-bank manager and ex-convict.","Chapter 6, 14","- Chapter 6, item 5: Mr. Alexander Chilstone, a bank manager, provides crucial information about Braden opening an account with £10,000 two days before his death.
- Chapter 14, item 2: Harker discloses that John Braden was actually John Brake, an ex-bank manager and ex-convict, who visited Harker the night before his death.
- Relationship: Identity revelation and financial activity"
"The marriage entry Bryce discovered, connecting Mary Bewery, John Brake, and Mark Ransford, was the record of John Brake's marriage to Mary Bewery (the elder) 22 years ago, with Ransford as the best man, revealing that John Braden (Brake) was actually Mary and Dick Bewery's father.","The marriage entry Bryce discovered, connecting Mary Bewery, John Brake, and Mark Ransford, was the record of Mark Ransford's marriage to Mary Bewery (the elder) 22 years ago, with John Brake as the best man, revealing that Ransford was actually Mary and Dick Bewery's father.","In Chapter 8, Bryce discovers a marriage entry connecting Mary Bewery, John Brake, and Mark Ransford. Chapter 9 confirms this information through Mr. Gilwaters, who performed the ceremony 22 years ago. Chapter 27 reveals that John Braden was actually John Brake, Mary and Dick Bewery's father. This connection establishes the true relationship between the Bewerys, Brake, and Ransford.","The corrupted fact incorrectly states that Ransford married Mary Bewery (the elder) and was the father of Mary and Dick, which contradicts the information provided in the outline.","Chapter 8, 9, 27","- Chapter 8, item 4: Bryce visits Braden Medworth, where he examines parish registers and discovers a marriage entry connecting Mary Bewery, John Brake, and Mark Ransford.
- Chapter 9, item 3: Mr. Gilwaters reveals that he married Mary Bewery, his former governess, to John Brake 22 years ago, with Mark Ransford as the best man.
- Chapter 27, item 3: Ransford reveals to Mary and Dick that John Braden was actually their father, John Brake.
- Relationship: Family connections and identity revelation"
"Collishaw, found dead by Bryce in Wrychester Paradise, was poisoned with hydrocyanic acid, while Braden's death was an accident involving Fladgate.","Collishaw, found dead by Bryce in Wrychester Paradise, died from an accidental fall, while Braden's death was caused by poisoning with hydrocyanic acid.","In Chapter 12, Bryce discovers Collishaw's body in Wrychester Paradise. Mitchington reveals that Collishaw claimed to have information about a previous incident, and Dr. Coates confirms he was poisoned with hydrocyanic acid. In Chapter 26, Fladgate confesses to his involvement in Braden's accidental death. This connection establishes the different circumstances and methods of the two deaths central to the story.","The corrupted fact incorrectly swaps the causes of death for Collishaw and Braden, contradicting the information provided in the outline.","Chapter 12, 26","- Chapter 12, item 1: Bryce discovers a dead man, later identified as Collishaw, in Wrychester Paradise.
- Chapter 12, item 4: Mitchington reveals that Collishaw was the man who claimed to have information about a previous incident.
- Chapter 12, item 7: Dr. Coates confirms that Collishaw was poisoned with hydrocyanic acid.
- Chapter 26, item 4: Fladgate confesses to his involvement in Braden's accidental death.
- Relationship: Murders and their methods"
"Shortly after being dismissed by Dr. Ransford with three months' salary, Bryce directs a mysterious stranger towards Paradise to find Ransford, and later discovers the stranger's body at the foot of St. Wrytha's Stair with Varner.","Shortly after being promoted by Dr. Ransford with a salary increase, Bryce directs a mysterious stranger towards Paradise to find Ransford, and later discovers the stranger's body at the foot of St. Wrytha's Stair with Varner.","In Chapter 2, Ransford dismisses Bryce with three months' salary. In Chapter 3, Bryce directs a stranger seeking Ransford towards Paradise, and later discovers the same stranger's body with Varner at St. Wrytha's Stair. This sequence of events connects Bryce's dismissal to his involvement in the discovery of the body.","The corrupted fact incorrectly states that Bryce was promoted with a salary increase, while the outline clearly mentions his dismissal with three months' salary.","Chapter 2, 3","- Chapter 2, item 4: Ransford offers Bryce a cheque for three months' salary to terminate his employment immediately.
- Chapter 3, item 2: Bryce directs the stranger towards Paradise, where he might find Dr. Ransford.
- Chapter 3, item 5: Bryce and Varner discover the body of the mysterious stranger at the foot of St. Wrytha's Stair.
- Relationship: Sequence of events leading to the discovery of the body"
"The mysterious stranger whose body Bryce and Varner discovered at the foot of St. Wrytha's Stair was violently flung from a doorway by someone with a ""gentleman's hand,"" according to Varner's eyewitness account.","The mysterious stranger whose body Bryce and Varner discovered at the foot of St. Wrytha's Stair had accidentally fallen from the doorway, according to Varner's eyewitness account.","In Chapter 3, Varner informs Bryce about a man falling from St. Wrytha's Stair, and they discover the body together. In Chapter 4, Varner provides a detailed eyewitness account, describing the victim being violently flung from a doorway by someone with a ""gentleman's hand."" This connection establishes the circumstances of the stranger's death as observed by Varner.","The corrupted fact incorrectly states that the stranger accidentally fell, while Varner's account clearly describes the victim being violently flung by someone with a ""gentleman's hand.""","Chapter 3, 4","- Chapter 3, item 4: A stone-mason named Varner informs Bryce about a man falling from St. Wrytha's Stair in the Cathedral.
- Chapter 3, item 5: Bryce and Varner discover the body of the mysterious stranger at the foot of St. Wrytha's Stair.
- Chapter 4, item 3: Varner, a witness, describes seeing the victim being violently flung from a doorway by someone with a ""gentleman's hand.""
- Relationship: Eyewitness account of the incident"
"The pill box with Ransford's handwriting found in Collishaw's pocket, which led to Bryce's theory about poisoning through a doctored pill, was actually part of Folliot's plan to frame Ransford for Collishaw's murder.","The pill box with Ransford's handwriting found in Collishaw's pocket, which led to Bryce's theory about poisoning through a doctored pill, was actually part of Bryce's plan to frame Ransford for Collishaw's murder.","In Chapter 13, Mitchington shows Bryce a pill box with Ransford's handwriting found in Collishaw's pocket. Chapter 12 confirms that Collishaw was poisoned with hydrocyanic acid. In Chapter 26, Folliot is confronted and quickly ingests something, presumably taking his own life. This connection suggests that Folliot, not Ransford, was responsible for Collishaw's poisoning and had planted the pill box to frame Ransford.","The corrupted fact incorrectly attributes the framing plan to Bryce, while the outline suggests it was Folliot's plan to frame Ransford.","Chapter 12, 13, 26","- Chapter 13, item 2: Mitchington shows Bryce a pill box with Ransford's handwriting found in Collishaw's pocket.
- Chapter 12, item 7: Dr. Coates confirms that Collishaw was poisoned with hydrocyanic acid.
- Chapter 26, item 4: The group proceeds to Folliot's house, where they find him and Bryce in the old well-house.
- Chapter 26, item 7: Folliot quickly ingests something and sits down in his chair, presumably taking his own life.
- Relationship: Method of poisoning and framing"
"Bryce identifies Stephen Folliot as Falkiner Wraye based on Wraye's distinctive physical features, including a scar and missing finger, and Folliot's involvement in offering a reward to protect someone who incurred Braden's hatred.","Bryce identifies Stephen Folliot as Falkiner Wraye based on Wraye's distinctive accent and clothing style, and Folliot's involvement in offering a reward to find someone who incurred Braden's hatred.","In Chapter 21, Bryce learns about Falkiner Wraye's distinctive physical features. In Chapter 24, Folliot discusses Braden's search for revenge with Glassdale. Chapter 25 reveals that Bryce has identified Folliot as Falkiner Wraye and knows his connection to John Brake's imprisonment. This connection establishes how Bryce identified Folliot as Wraye and understood his motives.","The corrupted fact incorrectly states that Bryce identified Folliot based on accent and clothing style, while the outline mentions specific physical features like a scar and missing finger. It also misrepresents Folliot's motive for offering the reward.","Chapter 21, 24, 25","- Chapter 21, item 5: Bryce learns about the distinctive physical features of Falkiner Wraye, including a scar and missing finger.
- Chapter 24, item 3: Glassdale meets Folliot in his garden, where they discuss Braden's past and his search for two men he wanted revenge against.
- Chapter 25, item 3: Bryce reveals his knowledge of Folliot's true identity as Falkiner Wraye and his connection to John Brake's imprisonment.
- Relationship: Identity revelation and motive"
"Bryce, who previously observed Mary Bewery walking with Sackville Bonham in the garden, later has lunch with Bonham at the golf club to discuss theories about the murders.","Bryce, who previously observed Mary Bewery walking with Sackville Bonham in the garden, later has lunch with Bonham at the golf club to discuss their shared romantic interest in Mary.","In Chapter 2, Bryce notices Mary Bewery walking with Sackville Bonham in the garden. Later, in Chapter 22, Bryce has lunch with Sackville Bonham at the golf club, where they discuss theories about the murders. This fact demonstrates the development of Bryce's relationship with Bonham and his continued involvement in the investigation.","The corrupted fact incorrectly states that Bryce and Bonham discussed their shared romantic interest in Mary during lunch, which is not mentioned in the chapter outlines. They actually discussed theories about the murders.","Chapter 2, 22","- Chapter 2, item 5: Bryce points out Mary Bewery walking in the garden with Sackville Bonham.
- Chapter 22, item 2: Bryce has lunch with Sackville Bonham at the golf club, discussing theories about the murders.
- Relationship: Character interaction and development"
The folded note Bryce secretly took from the dead man's pockets contained a Latin inscription pointing to a location in Wrychester Paradise.,The folded note Bryce secretly took from the dead man's pockets contained a Greek inscription pointing to a location in Wrychester Cathedral.,"In Chapter 3, Bryce secretly searches the dead man's pockets and finds a purse and a folded note, which he keeps. Later, in Chapter 5, Bryce examines a scrap of paper found in the dead man's purse, which contains a Latin inscription pointing to a location in Wrychester Paradise. This fact connects the two events, revealing that the folded note Bryce took earlier contained the Latin inscription he later examines.","The corrupted fact incorrectly states that the inscription was in Greek and pointed to a location in Wrychester Cathedral, while the original fact specifies it was a Latin inscription pointing to a location in Wrychester Paradise.","Chapter 3, 5","- Chapter 3, item 6: Bryce secretly searches the dead man's pockets, finding a purse and a folded note, which he keeps.
- Chapter 5, item 1: Bryce examines a scrap of paper found in the dead man's purse, which contains a Latin inscription pointing to a location in Wrychester Paradise.
- Relationship: Continuity of evidence and investigation"
"John Braden, who opened a bank account with £10,000 two days before his death, was actually John Brake, an ex-bank manager and ex-convict who visited Harker the night before he died.","John Braden, who opened a bank account with £10,000 two days before his death, was actually John Brake, a current bank manager who visited Harker the night before he died.","In Chapter 6, Mr. Alexander Chilstone provides information about Braden opening an account with £10,000 two days before his death. Later, in Chapter 14, Harker reveals that John Braden was actually John Brake, an ex-bank manager and ex-convict who visited Harker the night before his death. This fact connects the financial activity of Braden with his true identity as John Brake, providing a crucial link in the investigation.","The corrupted fact incorrectly states that John Brake was a current bank manager, while the original fact specifies he was an ex-bank manager and ex-convict.","Chapter 6, 14","- Chapter 6, item 5: Mr. Alexander Chilstone, a bank manager, provides crucial information about Braden opening an account with £10,000 two days before his death.
- Chapter 14, item 2: Harker discloses that John Braden was actually John Brake, an ex-bank manager and ex-convict, who visited Harker the night before his death.
- Relationship: Identity revelation and financial activity"
"The marriage entry Bryce discovered in Braden Medworth's parish register, connecting Mary Bewery, John Brake, and Mark Ransford, is confirmed and elaborated upon by Mr. Gilwaters, who performed the ceremony 22 years ago.","The marriage entry Bryce discovered in Braden Medworth's parish register, connecting Mary Bewery, John Brake, and Mark Ransford, is contradicted by Mr. Gilwaters, who claims he never performed such a ceremony.","In Chapter 8, Bryce discovers a marriage entry in Braden Medworth's parish register connecting Mary Bewery, John Brake, and Mark Ransford. In Chapter 9, Mr. Gilwaters confirms this information and provides additional details, revealing that he married Mary Bewery, his former governess, to John Brake 22 years ago, with Mark Ransford as the best man. This fact demonstrates the verification and expansion of the information Bryce initially discovered.","The corrupted fact incorrectly states that Mr. Gilwaters contradicts the marriage entry, while in reality, he confirms and elaborates on the information Bryce discovered.","Chapter 8, 9","- Chapter 8, item 4: Bryce visits Braden Medworth, where he examines parish registers and discovers a marriage entry connecting Mary Bewery, John Brake, and Mark Ransford.
- Chapter 9, item 3: Mr. Gilwaters reveals that he married Mary Bewery, his former governess, to John Brake 22 years ago, with Mark Ransford as the best man.
- Relationship: Confirmation and elaboration of discovered information"
"Collishaw, the man found dead by Bryce in Wrychester Paradise, was the same individual who claimed to have information about a previous incident and was poisoned with hydrocyanic acid.","Collishaw, the man found dead by Bryce in Wrychester Paradise, was the same individual who claimed to have information about a previous incident and died of natural causes.","In Chapter 12, Bryce discovers a dead man in Wrychester Paradise, who is later identified as Collishaw. Mitchington reveals that Collishaw was the man who claimed to have information about a previous incident. Dr. Coates confirms that Collishaw was poisoned with hydrocyanic acid. This fact connects the identity of the victim, his claimed knowledge about a previous incident, and the cause of his death, highlighting the significance of Collishaw's murder in the ongoing investigation.","The corrupted fact incorrectly states that Collishaw died of natural causes, while the original fact specifies he was poisoned with hydrocyanic acid.",Chapter 12,"- Chapter 12, item 1: Bryce discovers a dead man, later identified as Collishaw, in Wrychester Paradise.
- Chapter 12, item 4: Mitchington reveals that Collishaw was the man who claimed to have information about a previous incident.
- Chapter 12, item 7: Dr. Coates confirms that Collishaw was poisoned with hydrocyanic acid.
- Relationship: Connection between victim, claimed information, and cause of death"
"Glassdale reveals that Braden was searching for two men named Falkiner Wraye and Flood, and later Ransford identifies Fladgate as Flood, one of the men Braden was seeking.","Glassdale reveals that Braden was searching for two men named Falkiner Wraye and Flood, and later Ransford identifies Folliot as Flood, one of the men Braden was seeking.","In Chapter 21, Glassdale tells Folliot that Braden was looking for two men named Falkiner Wraye and Flood. Later, in Chapter 26, Ransford reveals that Fladgate is actually Flood, one of the men Braden was searching for. This fact connects the information provided by Glassdale with Ransford's revelation, identifying one of the key figures Braden was pursuing.","The corrupted fact incorrectly states that Ransford identifies Folliot as Flood, while the original fact specifies that Fladgate is identified as Flood.","Chapter 21, 26","- Chapter 21, item 5: Glassdale reveals to Folliot that Braden was looking for two men named Falkiner Wraye and Flood.
- Chapter 26, item 2: Ransford arrives at the train station with Simpson Harker, revealing that Fladgate is actually Flood, the other man Braden was looking for.
- Relationship: Identity revelation of key figures in the investigation"
"Bryce's revelation of Folliot's true identity as Falkiner Wraye and his connection to John Brake's imprisonment is confirmed and elaborated upon by Ransford, who explains the history of John Brake's involvement with both Wraye (Folliot) and Flood (Fladgate).","Bryce's revelation of Folliot's true identity as Falkiner Wraye and his connection to John Brake's imprisonment is contradicted by Ransford, who explains that Folliot had no involvement in Brake's past.","In Chapter 25, Bryce reveals his knowledge of Folliot's true identity as Falkiner Wraye and his connection to John Brake's imprisonment. Later, in Chapter 27, Ransford confirms this information and provides additional details, explaining the history of John Brake's involvement with both Falkiner Wraye (Folliot) and Flood (Fladgate), which led to Brake's wrongful imprisonment. This fact demonstrates the verification and expansion of the information Bryce initially discovered about Folliot's true identity and his role in the story.","The corrupted fact incorrectly states that Ransford contradicts Bryce's revelation about Folliot's identity and involvement, while in reality, Ransford confirms and elaborates on this information.","Chapter 25, 27","- Chapter 25, item 3: Bryce reveals his knowledge of Folliot's true identity as Falkiner Wraye and his connection to John Brake's imprisonment.
- Chapter 27, item 4: Ransford explains the history of John Brake's involvement with Falkiner Wraye (Folliot) and Flood (Fladgate), leading to Brake's wrongful imprisonment.
- Relationship: Confirmation and elaboration of Folliot's true identity and role in the story"
"Dr. Ransford is managing the money of Mary and Dick Bewery, who are actually the children of John Brake, whom Ransford served as best man for at his wedding 22 years ago.","Dr. Ransford is managing the money of Mary and Dick Bewery, who are actually his own children from a previous marriage 22 years ago.","In Chapter 1, Dr. Ransford reveals that he's managing Mary and Dick's money until they come of age. Later, in Chapter 9, Mr. Gilwaters discloses that he married John Brake to Mary Bewery (the elder) 22 years ago, with Ransford as the best man. This connection reveals that Ransford is managing the money of his former best friend's children.","The corrupted fact incorrectly states that Mary and Dick are Ransford's children, which contradicts the information provided in the outline.","Chapter 1, 9","- Chapter 1, item 6: Dr. Ransford reveals that Mary and Dick have their own money, which he's managing until they come of age.
- Chapter 9, item 3: Mr. Gilwaters reveals that he married Mary Bewery, his former governess, to John Brake 22 years ago, with Mark Ransford as the best man.
- Relationship: Connection between Ransford, Mary, Dick, and their parents"
"The folded note Bryce secretly took from the dead man's pockets contained a Latin inscription pointing to a location in Wrychester Paradise, which Brake had shown to Harker the night before his death.","The folded note Bryce secretly took from the dead man's pockets contained a map of Wrychester Paradise, which Brake had shown to Harker the night before his death.","In Chapter 3, Bryce secretly takes a folded note from the dead man's pockets. Later, in Chapter 14, it's revealed that Brake (the dead man) had shown Harker a secret Latin inscription the night before his death, which he kept in his purse. This connection indicates that the folded note Bryce took contained the Latin inscription Brake had shown to Harker.","The corrupted fact incorrectly states that the note contained a map, while the outline specifically mentions a Latin inscription, not a map.","Chapter 3, 14","- Chapter 3, item 6: Bryce secretly searches the dead man's pockets, finding a purse and a folded note, which he keeps.
- Chapter 14, item 4: Brake shows Harker a secret Latin inscription, which he keeps in his purse.
- Relationship: Connection between the folded note and the Latin inscription"
"Shortly after being dismissed by Dr. Ransford with three months' salary, Bryce directs a mysterious stranger towards Paradise to find Ransford, and later discovers the stranger's body at the foot of St. Wrytha's Stair with Varner.","Shortly after being promoted by Dr. Ransford with a salary increase, Bryce directs a mysterious stranger towards Paradise to find Ransford, and later discovers the stranger's body at the foot of St. Wrytha's Stair with Varner.","In Chapter 2, Ransford terminates Bryce's employment with three months' salary. In Chapter 3, Bryce then directs a mysterious stranger towards Paradise to find Ransford. Later in the same chapter, Bryce and Varner discover the body of this stranger at the foot of St. Wrytha's Stair. This sequence of events shows the connection between Bryce's dismissal and his subsequent involvement with the mysterious stranger.","The corrupted fact incorrectly states that Bryce was promoted with a salary increase, while the outline clearly states that he was dismissed with three months' salary.","Chapter 2, 3","- Chapter 2, item 4: Ransford offers Bryce a cheque for three months' salary to terminate his employment immediately.
- Chapter 3, item 2: Bryce directs the stranger towards Paradise, where he might find Dr. Ransford.
- Chapter 3, item 5: Bryce and Varner discover the body of the mysterious stranger at the foot of St. Wrytha's Stair.
- Relationship: Sequence of events involving Bryce, the stranger, and Ransford"
"Mr. Dellingham and Mr. Folliot, who provided testimony about Braden's activities before his death, were actually the two men named Falkiner Wraye and Flood that Braden was searching for.","Mr. Dellingham and Mr. Folliot, who provided testimony about Braden's activities before his death, were actually Braden's long-lost brothers that he was searching for.","In Chapter 6, Mr. Dellingham and Mr. Folliot provide testimony about Braden's activities. Later, in Chapter 21, Glassdale expresses suspicion about Dellingham. In Chapter 24, Glassdale reveals that Braden was looking for two men named Falkiner Wraye and Flood. This connection suggests that Dellingham and Folliot were actually the men Braden was searching for, disguised under different names.","The corrupted fact incorrectly states that Dellingham and Folliot were Braden's brothers, which is not supported by the information in the outline. The outline indicates they were the men Braden was searching for, but not as brothers.","Chapter 6, 21, 24","- Chapter 6, item 2: At the inquest, witnesses including Mr. Dellingham, Mrs. Partingley, and Mr. Folliot provide testimony about Braden's activities before his death.
- Chapter 21, item 4: Glassdale expresses suspicion about the man called Dellingham who was with Brake at the Mitre Hotel.
- Chapter 24, item 5: Glassdale reveals to Folliot that Braden was looking for two men named Falkiner Wraye and Flood.
- Relationship: Connection between Dellingham, Folliot, and Braden's search"
"Collishaw was poisoned with hydrocyanic acid, while Braden's death was an accident involving Fladgate.",Both Collishaw and Braden were poisoned with hydrocyanic acid by Fladgate.,"In Chapter 12, Dr. Coates confirms that Collishaw was poisoned with hydrocyanic acid. Bryce theorizes in Chapter 19 that this was done through a doctored pill. However, in Chapter 26, Fladgate confesses to his involvement in Braden's accidental death. This contrast shows that while Collishaw was deliberately poisoned, Braden's death was accidental.","The corrupted fact incorrectly states that both Collishaw and Braden were poisoned, while the outline clearly indicates that only Collishaw was poisoned and Braden's death was accidental.","Chapter 12, 19, 26","- Chapter 12, item 7: Dr. Coates confirms that Collishaw was poisoned with hydrocyanic acid.
- Chapter 19, item 6: Bryce theorizes about the method of Collishaw's poisoning through a doctored pill.
- Chapter 26, item 4: Fladgate confesses to his involvement in Braden's accidental death.
- Relationship: Contrast between Collishaw's and Braden's deaths"
"Bryce's revelation of Folliot's true identity as Falkiner Wraye and his connection to John Brake's imprisonment is confirmed and elaborated upon by Ransford, who explains the history of John Brake's involvement with both Wraye (Folliot) and Flood (Fladgate).","Bryce's revelation of Folliot's true identity as Falkiner Wraye and his connection to John Brake's imprisonment is denied by Ransford, who claims Bryce is lying to manipulate the situation.","In Chapter 23, Bryce attempts to manipulate Mary by claiming he could divert the police from Ransford. In Chapter 25, Bryce reveals his knowledge of Folliot's true identity as Falkiner Wraye and his connection to John Brake's imprisonment. Finally, in Chapter 26, Folliot takes his own life after being confronted. This sequence of events shows how Bryce's manipulative behavior and revelations led to the confirmation of Folliot's true identity and his ultimate demise.","The corrupted fact incorrectly states that Ransford denies Bryce's revelation, while the outline indicates that Ransford confirms and elaborates on this information.","Chapter 23, 25, 26, 27","- Chapter 23, item 3: Bryce admits he could divert the police from Ransford, revealing his attempt to manipulate Mary.
- Chapter 25, item 3: Bryce reveals his knowledge of Folliot's true identity as Falkiner Wraye and his connection to John Brake's imprisonment.
- Chapter 26, item 7: Folliot quickly ingests something and sits down in his chair, presumably taking his own life.
- Relationship: Bryce's manipulative behavior and its consequences"
"Dr. Ransford is managing the money of Mary and Dick Bewery, who are actually the children of John Brake, whom Ransford served as best man for at his wedding 22 years ago.","Dr. Ransford is managing the money of Mary and Dick Bewery, who are actually his own children from a previous marriage 22 years ago.","In Chapter 1, Dr. Ransford reveals that he's managing Mary and Dick's money until they come of age. In Chapter 9, Mr. Gilwaters discloses that he married Mary Bewery (the elder) to John Brake 22 years ago, with Ransford as the best man. This connection reveals that Ransford is managing the money of his former best friend's children.","The corrupted fact incorrectly states that Mary and Dick are Ransford's children, when in fact they are John Brake's children, as revealed in the outline.","Chapter 1, 9","- Chapter 1, item 6: Dr. Ransford reveals that Mary and Dick have their own money, which he's managing until they come of age.
- Chapter 9, item 3: Mr. Gilwaters reveals that he married Mary Bewery, his former governess, to John Brake 22 years ago, with Mark Ransford as the best man.
- Relationship: Mary and Dick's parentage and financial situation"
"Despite being seen walking with Sackville Bonham in the garden, Mary Bewery firmly denies any intention of marrying him when confronted by Mrs. Folliot.","Despite being seen walking with Sackville Bonham in the garden, Mary Bewery accepts Mrs. Folliot's proposal for her to marry Sackville.","In Chapter 7, Mary is seen placing flowers on John Braden's grave with Sackville Bonham. However, in Chapter 22, Mary firmly denies any intention of marrying Sackville Bonham when confronted by Mrs. Folliot. This fact highlights the contrast between Mary's public appearances and her private intentions regarding romantic relationships.","The corrupted fact contradicts the outline, which clearly states that Mary firmly denies any intention of marrying Sackville Bonham.","Chapter 7, 22","- Chapter 2, item 2: Ransford informs Bryce that his attentions are not welcome to Miss Bewery.
- Chapter 7, item 2: Dr. Ransford asks Mary to place flowers on John Braden's grave, which she does with Sackville Bonham.
- Chapter 22, item 5: Mary firmly denies any intention of marrying Sackville Bonham to Mrs. Folliot.
- Relationship: Mary's romantic relationships"
"The folded note Bryce secretly took from John Braden's purse contained a Latin inscription pointing to a location in Wrychester Paradise, which Braden had shown to Harker the night before his death.","The folded note Bryce secretly took from John Braden's purse contained a map pointing to a location in Wrychester Paradise, which Braden had shown to Harker the night before his death.","In Chapter 3, Bryce secretly takes a folded note from the dead man's pockets. Chapter 5 reveals that this note contains a Latin inscription pointing to a location in Wrychester Paradise. Chapter 14 confirms that Brake (Braden) had shown this secret Latin inscription to Harker the night before his death. This connection establishes the origin and significance of the note Bryce found.","The corrupted fact incorrectly states that the note contained a map, when in fact it contained a Latin inscription, as described in the outline.","Chapter 3, 5, 14","- Chapter 3, item 6: Bryce secretly searches the dead man's pockets, finding a purse and a folded note, which he keeps.
- Chapter 5, item 1: Bryce examines a scrap of paper found in the dead man's purse, which contains a Latin inscription pointing to a location in Wrychester Paradise.
- Chapter 14, item 4: Brake shows Harker a secret Latin inscription, which he keeps in his purse.
- Relationship: The folded note and its contents"
"Mr. Dellingham and Mr. Folliot, who provided testimony about Braden's activities before his death, were actually the two men named Falkiner Wraye and Flood that Braden was searching for.","Mr. Dellingham and Mr. Folliot, who provided testimony about Braden's activities before his death, were actually undercover police officers investigating Braden's murder.","In Chapter 6, Mr. Dellingham and Mr. Folliot provide testimony about Braden's activities before his death. Later, in Chapter 26, it is revealed that Fladgate (Flood) was involved in Braden's accidental death. This connection, along with the information from other chapters about Braden searching for two men named Wraye and Flood, indicates that Dellingham and Folliot were actually the men Braden was looking for.","The corrupted fact incorrectly states that Dellingham and Folliot were undercover police officers, which is not mentioned or implied in the outline.","Chapter 6, 26","- Chapter 3, item 3: Bryce observes Dr. Ransford emerging from the Cathedral's west porch, looking visibly agitated.
- Chapter 6, item 2: At the inquest, witnesses including Mr. Dellingham, Mrs. Partingley, and Mr. Folliot provide testimony about Braden's activities before his death.
- Chapter 26, item 3: Fladgate confesses to his involvement in Braden's accidental death.
- Relationship: Circumstances of Braden's death"
"Collishaw was poisoned with hydrocyanic acid, while Braden's death was an accident involving Fladgate.",Collishaw and Braden were both poisoned with hydrocyanic acid by Folliot.,"In Chapter 12, Dr. Coates confirms that Collishaw was poisoned with hydrocyanic acid. In Chapter 26, it is revealed that Fladgate confesses to his involvement in Braden's accidental death. This fact highlights the different causes of death for two key figures in the story.","The corrupted fact incorrectly states that both Collishaw and Braden were poisoned by Folliot, when in fact Braden's death was an accident involving Fladgate, as stated in the outline.","Chapter 12, 26","- Chapter 12, item 7: Dr. Coates confirms that Collishaw was poisoned with hydrocyanic acid.
- Chapter 26, item 4: The group proceeds to Folliot's house, where they find him and Bryce in the old well-house.
- Chapter 26, item 6: As the group enters the upper room, Folliot attempts to shoot Glassdale but hits Bryce instead, killing him.
- Chapter 26, item 7: Folliot quickly ingests something and sits down in his chair, presumably taking his own life.
- Relationship: Cause of deaths"
"John Braden, who opened a bank account with £10,000 two days before his death, was actually John Brake, an ex-bank manager and ex-convict who visited Harker the night before he died.","John Braden, who opened a bank account with £10,000 two days before his death, was actually John Brake, a current bank manager who visited Harker the night before he died.","In Chapter 6, Mr. Chilstone reveals that Braden opened an account with £10,000 two days before his death. Chapter 14 discloses that John Braden was actually John Brake, an ex-bank manager and ex-convict, who visited Harker the night before his death. This fact connects Braden's financial activity with his true identity and his actions just before his death.","The corrupted fact incorrectly states that John Brake was a current bank manager, when the outline clearly states he was an ex-bank manager and ex-convict.","Chapter 6, 14","- Chapter 14, item 2: Harker discloses that John Braden was actually John Brake, an ex-bank manager and ex-convict, who visited Harker the night before his death.
- Chapter 6, item 5: Mr. Alexander Chilstone, a bank manager, provides crucial information about Braden opening an account with £10,000 two days before his death.
- Relationship: John Braden's identity and financial activities"
"The marriage entry Bryce discovered in Braden Medworth's parish register, connecting Mary Bewery, John Brake, and Mark Ransford, is confirmed and elaborated upon by Mr. Gilwaters, who performed the ceremony 22 years ago.","The marriage entry Bryce discovered in Braden Medworth's parish register, connecting Mary Bewery, John Brake, and Mark Ransford, is refuted by Mr. Gilwaters, who claims he never performed such a ceremony.","In Chapter 8, Bryce discovers a marriage entry in Braden Medworth's parish register connecting Mary Bewery, John Brake, and Mark Ransford. This discovery is confirmed and elaborated upon in Chapter 9, where Mr. Gilwaters reveals that he married Mary Bewery (the elder) to John Brake 22 years ago, with Ransford as the best man. This fact establishes the validity of Bryce's discovery and provides additional context.","The corrupted fact contradicts the outline, which clearly states that Mr. Gilwaters confirms and elaborates on the marriage entry Bryce discovered.","Chapter 8, 9","- Chapter 8, item 4: Bryce visits Braden Medworth, where he examines parish registers and discovers a marriage entry connecting Mary Bewery, John Brake, and Mark Ransford.
- Chapter 9, item 3: Mr. Gilwaters reveals that he married Mary Bewery, his former governess, to John Brake 22 years ago, with Mark Ransford as the best man.
- Relationship: Marriage entry and its confirmation"
"Collishaw, the man found dead by Bryce in Wrychester Paradise, was the same individual who claimed to have information about a previous incident and was poisoned with hydrocyanic acid.","Collishaw, the man found dead by Bryce in Wrychester Paradise, was a random victim who had no connection to the previous incidents and died of natural causes.","In Chapter 12, Bryce discovers a dead man in Wrychester Paradise, who is later identified as Collishaw. Mitchington reveals that Collishaw was the man who claimed to have information about a previous incident. Dr. Coates confirms that Collishaw was poisoned with hydrocyanic acid. This fact connects Collishaw's death with his potential knowledge about the case and the method of his murder.","The corrupted fact contradicts the outline by stating that Collishaw had no connection to previous incidents and died of natural causes, when in fact he claimed to have information and was poisoned.",Chapter 12,"- Chapter 12, item 1: Bryce discovers a dead man, later identified as Collishaw, in Wrychester Paradise.
- Chapter 12, item 4: Mitchington reveals that Collishaw was the man who claimed to have information about a previous incident.
- Chapter 12, item 7: Dr. Coates confirms that Collishaw was poisoned with hydrocyanic acid.
- Relationship: Collishaw's death and its significance"
"Glassdale reveals that Braden was searching for two men named Falkiner Wraye and Flood, and later Ransford identifies Fladgate as Flood, one of the men Braden was seeking.","Glassdale reveals that Braden was searching for two men named Falkiner Wraye and Flood, and later Ransford identifies Harker as Flood, one of the men Braden was seeking.","In Chapter 24, Glassdale tells Folliot that Braden was looking for two men named Falkiner Wraye and Flood. In Chapter 26, Ransford reveals that Fladgate is actually Flood, one of the men Braden was searching for. This fact connects the information about Braden's search with the true identity of one of his targets.","The corrupted fact incorrectly identifies Harker as Flood, when the outline clearly states that Fladgate is actually Flood.","Chapter 24, 26","- Chapter 24, item 5: Glassdale reveals to Folliot that Braden was looking for two men named Falkiner Wraye and Flood.
- Chapter 26, item 2: Ransford arrives at the train station with Simpson Harker, revealing that Fladgate is actually Flood, the other man Braden was looking for.
- Relationship: Identity of the men Braden was seeking"
"Bryce's revelation of Folliot's true identity as Falkiner Wraye and his connection to John Brake's imprisonment is confirmed and elaborated upon by Ransford, who explains the history of John Brake's involvement with both Wraye (Folliot) and Flood (Fladgate).","Bryce's revelation of Folliot's true identity as Falkiner Wraye and his connection to John Brake's imprisonment is refuted by Ransford, who explains that Folliot had no involvement in Brake's past.","In Chapter 25, Bryce reveals his knowledge of Folliot's true identity as Falkiner Wraye and his connection to John Brake's imprisonment. This revelation is confirmed and expanded upon in Chapter 27, where Ransford explains the history of John Brake's involvement with both Wraye (Folliot) and Flood (Fladgate), which led to Brake's wrongful imprisonment. This fact connects Bryce's discovery with Ransford's more detailed explanation of the past events.","The corrupted fact contradicts the outline by stating that Ransford refutes Bryce's revelation, when in fact Ransford confirms and elaborates on it.","Chapter 25, 27","- Chapter 25, item 3: Bryce reveals his knowledge of Folliot's true identity as Falkiner Wraye and his connection to John Brake's imprisonment.
- Chapter 27, item 5: Ransford explains the history of John Brake's involvement with Falkiner Wraye (Folliot) and Flood (Fladgate), leading to Brake's wrongful imprisonment.
- Relationship: Folliot's true identity and its implications"
"Dr. Ransford is managing the money of Mary and Dick Bewery, who are actually the children of John Brake, whom Ransford served as best man for at his wedding 22 years ago.","Dr. Ransford is managing the money of Mary and Dick Bewery, who are actually his own children from a previous marriage 22 years ago.","In Chapter 1, Dr. Ransford reveals that he's managing Mary and Dick's money until they come of age. In Chapter 9, Mr. Gilwaters discloses that he married John Brake to Mary Bewery (the elder) 22 years ago, with Ransford as the best man. This connection reveals that Mary and Dick are John Brake's children, and Ransford is managing their inheritance.","The corrupted fact incorrectly states that Mary and Dick are Ransford's children, when they are actually John Brake's children, as revealed in the chapter outlines.","Chapter 1, 9","- Chapter 1, item 6: Dr. Ransford reveals that Mary and Dick have their own money, which he's managing until they come of age.
- Chapter 9, item 3: Mr. Gilwaters reveals that he married Mary Bewery, his former governess, to John Brake 22 years ago, with Mark Ransford as the best man.
- Relationship: Mary and Dick's true identity and financial situation"
"The folded note Bryce secretly took from John Braden's purse contained a Latin inscription pointing to a location in Wrychester Paradise, which Braden had shown to Harker the night before his death.","The folded note Bryce secretly took from John Braden's purse contained a map pointing to a location in Wrychester Paradise, which Braden had shown to Harker the night before his death.","In Chapter 3, Bryce secretly takes a folded note from the dead man's pockets. Chapter 5 reveals that this note contains a Latin inscription pointing to a location in Wrychester Paradise. Chapter 14 confirms that Brake (Braden) had shown this secret Latin inscription to Harker the night before his death. This connection establishes the origin and significance of the note Bryce found.","The corrupted fact incorrectly states that the note contained a map, when it actually contained a Latin inscription, as described in the chapter outlines.","Chapter 3, 5, 14","- Chapter 3, item 6: Bryce secretly searches the dead man's pockets, finding a purse and a folded note, which he keeps.
- Chapter 5, item 1: Bryce examines a scrap of paper found in the dead man's purse, which contains a Latin inscription pointing to a location in Wrychester Paradise.
- Chapter 14, item 4: Brake shows Harker a secret Latin inscription, which he keeps in his purse.
Relationship: The folded note and its contents"
"John Braden, who opened a bank account with £10,000 two days before his death, was actually John Brake, an ex-bank manager and ex-convict who visited Harker the night before he died.","John Braden, who opened a bank account with £10,000 two days before his death, was actually John Brake, a current bank manager who visited Harker the night before he died.","In Chapter 6, Mr. Chilstone reveals that Braden opened an account with £10,000 two days before his death. Chapter 14 discloses that John Braden was actually John Brake, an ex-bank manager and ex-convict, who visited Harker the night before his death. This connection establishes Braden's true identity and his recent financial activities leading up to his death.","The corrupted fact incorrectly states that Brake was a current bank manager, when he was actually an ex-bank manager and ex-convict, as described in the chapter outlines.","Chapter 6, 14","- Chapter 6, item 5: Mr. Alexander Chilstone, a bank manager, provides crucial information about Braden opening an account with £10,000 two days before his death.
- Chapter 14, item 2: Harker discloses that John Braden was actually John Brake, an ex-bank manager and ex-convict, who visited Harker the night before his death.
Relationship: John Braden's true identity and financial activities"
"The marriage entry Bryce discovered in Braden Medworth's parish register, connecting Mary Bewery, John Brake, and Mark Ransford, is confirmed and elaborated upon by Mr. Gilwaters, who performed the ceremony 22 years ago.","The marriage entry Bryce discovered in Braden Medworth's parish register, connecting Mary Bewery, John Brake, and Mark Ransford, is disproven by Mr. Gilwaters, who claims he never performed such a ceremony.","In Chapter 8, Bryce discovers a marriage entry in Braden Medworth's parish register connecting Mary Bewery, John Brake, and Mark Ransford. In Chapter 9, Mr. Gilwaters confirms this information and provides additional details, revealing that he performed the ceremony 22 years ago, with Mary Bewery as his former governess and Mark Ransford as the best man. This connection validates Bryce's discovery and provides more context to the relationship between these individuals.","The corrupted fact contradicts the information provided in the chapter outlines, where Mr. Gilwaters confirms and elaborates on the marriage entry, rather than disproving it.","Chapter 8, 9","- Chapter 8, item 4: Bryce visits Braden Medworth, where he examines parish registers and discovers a marriage entry connecting Mary Bewery, John Brake, and Mark Ransford.
- Chapter 9, item 3: Mr. Gilwaters reveals that he married Mary Bewery, his former governess, to John Brake 22 years ago, with Mark Ransford as the best man.
Relationship: Confirmation of the marriage entry"
"Collishaw, the man found dead by Bryce in Wrychester Paradise, was the same individual who claimed to have information about a previous incident.","Collishaw, the man found dead by Bryce in Wrychester Paradise, was the same individual who claimed to have committed the previous incident.","In Chapter 12, Bryce discovers a dead man in Wrychester Paradise, who is later identified as Collishaw. Mitchington then reveals that Collishaw was the man who claimed to have information about a previous incident. This connection establishes that the person who died was also a potential key witness in the ongoing investigation.","The corrupted fact incorrectly states that Collishaw claimed to have committed the previous incident, when in fact, he only claimed to have information about it, as described in the chapter outline.",Chapter 12,"- Chapter 12, item 1: Bryce discovers information about Richard Jenkins's tomb in the Cathedral Library from Ambrose Campany.
- Chapter 12, item 2: Bryce finds a dead man, later identified as Collishaw, in Wrychester Paradise.
- Chapter 12, item 4: Mitchington reveals that Collishaw was the man who claimed to have information about a previous incident.
Relationship: Collishaw's death and its connection to the previous incident"
"Mr. Dellingham and Mr. Folliot, who provided testimony about Braden's activities before his death, were actually the two men named Falkiner Wraye and Flood that Braden was searching for.","Mr. Dellingham and Mr. Folliot, who provided testimony about Braden's activities before his death, were actually undercover police officers investigating Braden.","In Chapter 6, Mr. Dellingham and Mr. Folliot provide testimony about Braden's activities before his death. Later, in Chapter 26, it is revealed that Stephen Folliot is actually Falkiner Wraye, one of the men Braden was seeking. Additionally, Ransford reveals that Fladgate is actually Flood, the other man Braden was looking for. This connection establishes that the two men who testified about Braden's activities were, in fact, the very individuals he was searching for.","The corrupted fact incorrectly states that Dellingham and Folliot were undercover police officers, when they were actually the men Braden was searching for, as revealed in the chapter outlines.","Chapter 6, 26","- Chapter 26, item 1: Glassdale informs Mitchington and the detective that Stephen Folliot is actually Falkiner Wraye, one of the men Braden was seeking.
- Chapter 26, item 2: Ransford arrives at the train station with Simpson Harker, revealing that Fladgate is actually Flood, the other man Braden was looking for.
- Chapter 6, item 3: Mr. Dellingham and Mr. Folliot provide testimony about Braden's activities before his death.
Relationship: True identities of the men Braden was seeking"
"Collishaw was poisoned with hydrocyanic acid, while Braden's death was an accident involving Fladgate.",Collishaw and Braden were both poisoned with hydrocyanic acid by Fladgate.,"In Chapter 12, Dr. Coates confirms that Collishaw was poisoned with hydrocyanic acid. Later, in Chapter 26, Fladgate confesses to his involvement in Braden's accidental death. This connection establishes the different causes of death for the two victims in the story, highlighting that while one was murdered, the other was an accident.","The corrupted fact incorrectly states that both Collishaw and Braden were poisoned with hydrocyanic acid by Fladgate, when in fact, only Collishaw was poisoned, and Braden's death was an accident involving Fladgate, as described in the chapter outlines.","Chapter 12, 26","- Chapter 12, item 7: Dr. Coates confirms that Collishaw was poisoned with hydrocyanic acid.
- Chapter 26, item 4: Fladgate confesses to his involvement in Braden's accidental death.
Relationship: Causes of death for Collishaw and Braden"
