facts,corrupted_facts,fact_reasoning,corrupted_reasoning,source,brainstorm
Alexander's trust in Kennon evolves from offering him a reasonable contract to showing interest in his proposal for Olympus Station.,Alexander's trust in Kennon evolves from offering him a reasonable contract to rejecting his proposal for Olympus Station.,"In Chapter 2, Alexander presents Kennon with a second, more reasonable contract after Kennon rejects the initial unfair terms. Later, in Chapter 15, Alexander shows interest in Kennon's proposal for Olympus Station. This progression demonstrates the development of Alexander's trust in Kennon's judgment and abilities over time.","The outline states that Alexander shows interest in Kennon's proposal, not that he rejects it, making this corrupted fact incorrect.","Chapter 2, 15","- Chapter 2, item 5: Alexander presents Kennon with a second, more reasonable contract.
- Chapter 15, item 5: Alexander shows interest in Kennon's proposal for Olympus Station.
- Relationship: Evolution of Alexander's trust in Kennon"
Kennon identifies liver fluke infestations as the cause of Lani deaths through autopsies and later explains the Hepatodirus hominis parasite's nature and life cycle to Jordan and Blalok.,Kennon identifies bacterial infections as the cause of Lani deaths through autopsies and later explains the Hepatodirus hominis parasite's nature and life cycle to Jordan and Blalok.,"In Chapter 6, Kennon performs autopsies on three deceased Lani and discovers they died from liver fluke infestations. Later, in Chapter 9, Kennon explains the nature of the Hepatodirus hominis parasite and its life cycle to Jordan and Blalok. This progression shows Kennon's process of identifying and then explaining the parasite causing the Lani deaths.","The outline clearly states that liver fluke infestations, not bacterial infections, were identified as the cause of Lani deaths, making this corrupted fact incorrect.","Chapter 6, 9","- Chapter 6, item 4: Kennon performs autopsies on three deceased Lani, discovering they died from liver fluke infestations.
- Chapter 9, item 3: Kennon explains the nature of the Hepatodirus hominis parasite and its life cycle to Jordan and Blalok.
- Relationship: Identification and explanation of the parasite causing Lani deaths"
Kennon's understanding of the Lani evolves from learning about the existence of male Lani at Otpen One to discovering that the Lani are descendants of human missionaries who crash-landed on Kardon.,Kennon's understanding of the Lani evolves from learning about the existence of male Lani at Otpen One to discovering that the Lani are descendants of alien colonizers who crash-landed on Kardon.,"In Chapter 11, Kennon learns about the existence of male Lani and their harsh living conditions at Otpen One from Douglas. Later, in Chapter 14, Kennon discovers through the ship's log that the Lani are descendants of human missionaries, Alfred and Melissa Weygand, who crash-landed on Kardon. This progression shows how Kennon's knowledge about the Lani's true nature and origins develops over time.","The ship's log reveals that the Lani are descendants of human missionaries, not alien colonizers, making this corrupted fact incorrect.","Chapter 11, 14","- Chapter 11, item 2: At Otpen One, Kennon learns about the existence of male Lani and their harsh living conditions from Douglas.
- Chapter 14, item 3: The log reveals that the ship's occupants, Alfred and Melissa Weygand (Ulf and Lyssa), were human missionaries who crash-landed on Kardon.
- Relationship: Revelations about Lani origins and existence"
"Kennon and Copper discover a peculiar crater on Mount Olympus, which they later explore wearing protective radiation suits to examine an ancient spaceship.","Kennon and Copper discover a peculiar crater on Mount Olympus, which they later explore wearing protective radiation suits to examine an ancient temple.","In Chapter 12, Kennon and Copper discover a narrow path leading to a circular tableland with a peculiar crater on Mount Olympus. In Chapter 13, they return to this site, don protective radiation suits, and descend into the crater to examine an ancient spaceship. This progression shows the initial discovery and subsequent exploration of the significant site containing the spaceship.","The outline clearly states that they examine an ancient spaceship, not an ancient temple, making this corrupted fact incorrect.","Chapter 12, 13","- Chapter 12, item 4: They discover a narrow path through a lava wall and follow it to a circular tableland with a peculiar crater.
- Chapter 13, item 5: Kennon and Copper don protective radiation suits and descend into the crater to examine the ancient spaceship.
- Relationship: Discovery and exploration of the ancient spaceship site"
"Copper reveals her pregnancy to Kennon in their bedroom on Flora, and later gives birth to their son at a medical center on Beta.","Copper reveals her pregnancy to Kennon in their bedroom on Flora, and later gives birth to their daughter at a medical center on Beta.","In Chapter 15, Copper reveals to Kennon that she is pregnant with his child in their bedroom. Later, in Chapter 19, Copper goes into labor and gives birth to a son at the medical center on Beta. This progression shows the development of Copper's pregnancy from its revelation to the birth of their child.","The outline specifically mentions that Copper gives birth to a son, not a daughter, making this corrupted fact incorrect.","Chapter 15, 19","- Chapter 15, item 1: Copper reveals to Kennon that she is pregnant with his child in their bedroom.
- Chapter 19, item 6: Copper goes into labor and gives birth to a son at the medical center.
- Relationship: Progression of Copper's pregnancy"
"Despite signing a reasonable contract with Alexander in the beginning, Kennon breaches it by leaving Flora without permission.","Despite signing a reasonable contract with Alexander in the beginning, Kennon breaches it by bringing Lani to Beta without permission.","In Chapter 2, Alexander presents Kennon with a second, more reasonable contract after the initial unfair one. However, in Chapter 20, Alexander reveals that Kennon has breached this contract by leaving Flora without authorization. This fact highlights the evolution of their professional relationship and the consequences of Kennon's actions.","The outline does not mention that bringing Lani to Beta was the specific breach of contract. Instead, it states that leaving Flora was the breach, making this corrupted fact incorrect.","Chapter 2, 20","- Chapter 2, item 5: Alexander presents Kennon with a second, more reasonable contract.
- Chapter 20, item 6: Alexander reveals that Kennon has breached his original contract by leaving Flora.
- Relationship: Contract terms and consequences"
"Contrary to Jordan's claim that there are no male Lani on the island, Kennon discovers their existence and harsh living conditions at Otpen One.","Contrary to Jordan's claim that there are no male Lani on the island, Kennon discovers their existence and comfortable living conditions at Otpen One.","In Chapter 6, Jordan informs Kennon that there are no male Lani on the island. However, in Chapter 11, Kennon learns about the existence of male Lani and their harsh living conditions at Otpen One from Douglas Alexander. This fact reveals the deception surrounding the Lani population and highlights the hidden aspects of the operation.","The outline specifically mentions the ""harsh living conditions"" of the male Lani at Otpen One, not comfortable conditions, making this corrupted fact incorrect.","Chapter 6, 11","- Chapter 6, item 2: Jordan informs Kennon that there are no male Lani on the island.
- Chapter 11, item 2: At Otpen One, Kennon learns about the existence of male Lani and their harsh living conditions from Douglas.
- Relationship: Revelation of hidden information"
"Kennon and Copper progress from excavating the emergency airlock of an ancient spaceship to successfully launching it, which they name the Egg, over a period of several months.","Kennon and Copper progress from excavating the emergency airlock of an ancient spaceship to successfully launching it, which they name the Shell, over a period of several weeks.","In Chapter 13, Kennon and Copper begin excavating the emergency airlock of the spaceship. Chapter 14 shows them starting repairs with a six-month plan to make it operational. Finally, in Chapter 18, they successfully launch the spaceship, now called the Egg. This fact demonstrates the progression of their efforts to restore and use the ancient spacecraft.","The spaceship is named the Egg, not the Shell, and the timeline for repairs is mentioned as six months, not several weeks, making this corrupted fact incorrect.","Chapter 13, 14, 18","- Chapter 13, item 6: Kennon and Copper spend the day excavating the emergency airlock of the spaceship using a small digger.
- Chapter 14, item 6: They begin repairing the spaceship, planning to make it operational over the next six months.
- Chapter 18, item 1: Kennon and Copper launch the spaceship called the Egg from an unspecified location.
- Relationship: Progression of spaceship restoration"
"Copper's pregnancy, revealed to Kennon on Flora, culminates in the birth of their son on Beta, providing crucial evidence of the Lani's human status.","Copper's pregnancy, revealed to Kennon on Flora, culminates in the birth of their daughter on Beta, providing crucial evidence of the Lani's human status.","In Chapter 15, Copper reveals her pregnancy to Kennon in their bedroom on Flora. Chapter 19 describes Copper giving birth to their son at a medical center on Beta. Finally, in Chapter 20, Kennon uses the existence of their child as proof that the Lani are human. This fact shows the progression of Copper's pregnancy and its significance in proving the Lani's humanity.","The outline specifically mentions that Copper gives birth to a son, not a daughter, making this corrupted fact incorrect.","Chapter 15, 19, 20","- Chapter 15, item 1: Copper reveals to Kennon that she is pregnant with his child in their bedroom.
- Chapter 19, item 6: Copper goes into labor and gives birth to a son at the medical center.
- Chapter 20, item 2: Kennon reveals that Copper's child proves the Lani are human.
- Relationship: Progression and significance of Copper's pregnancy"
Kennon's explanation of the Hepatodirus hominis parasite to Jordan and Blalok leads to its successful eradication and improved hospital operations within months.,Kennon's explanation of the Hepatodirus hominis parasite to Jordan and Blalok leads to its partial containment and slightly improved hospital operations within years.,"In Chapter 9, Kennon explains the nature and life cycle of the Hepatodirus hominis parasite to Jordan and Blalok. Later, in Chapter 10, Kennon reviews monthly reports that indicate the successful eradication of the parasite and improved hospital operations. This fact demonstrates the effectiveness of Kennon's intervention and the positive impact on the island's healthcare.","The outline mentions ""successful eradication"" and ""improved hospital operations"" within months, not partial containment over years, making this corrupted fact incorrect.","Chapter 9, 10","- Chapter 9, item 3: Kennon explains the nature of the Hepatodirus hominis parasite and its life cycle to Jordan and Blalok.
- Chapter 10, item 1: Kennon reviews monthly reports, noting the successful eradication of Hepatodirus and improved hospital operations.
- Relationship: Resolution of the parasite problem"
Jac Kennon's response to a boxed ad in the Kardon Journal of Allied Medical Sciences leads to an interview invitation from Outworld Enterprises Incorporated.,Jac Kennon's response to a boxed ad in the Kardon Journal of Allied Medical Sciences leads to an immediate job offer from Outworld Enterprises Incorporated.,"In Chapter 1, Kennon reads a job ad for a high-paying veterinary position. This action results in him receiving an interview invitation from Outworld Enterprises Incorporated in Chapter 2, showing a direct cause-and-effect relationship between these two events.","The corrupted fact states that Kennon receives an immediate job offer, while the outline clearly indicates he receives an interview invitation, not a job offer.","Chapter 1, 2","- Chapter 1, item 1: Jac Kennon reads a boxed ad in the Kardon Journal of Allied Medical Sciences offering a high-paying veterinary position.
- Chapter 2, item 1: Kennon receives a letter from Box V-9 inviting him to an interview at Outworld Enterprises Incorporated.
- Relationship: Cause and effect, temporal sequence"
Kennon's initial encounter with two Lani women at Alexandria is followed by a more shocking experience when he sees two identical Lani brought in by Douglas Alexander.,Kennon's initial encounter with two Lani women at Alexandria is followed by a more shocking experience when he sees two male Lani brought in by Douglas Alexander.,"In Chapter 3, Kennon first sees two Lani women upon arriving at Alexandria. This initial encounter is then contrasted in Chapter 4 when Douglas Alexander brings in two identical Lani, which shocks Kennon with their beauty and similarity to humans. This progression shows how Kennon's perception of the Lani evolves from his first sighting to a more impactful encounter.","The corrupted fact incorrectly states that Douglas brings in two male Lani, while the outline clearly mentions that they are identical Lani, not specifying their gender.","Chapter 3, 4","- Chapter 3, item 2: Kennon first sees two Lani women.
- Chapter 4, item 1: Douglas Alexander enters the room with two identical Lani, shocking Kennon with their beauty and similarity to humans.
- Relationship: Progression of Kennon's understanding of Lani appearance"
"Contrary to Jordan's claim that there are no male Lani on the island, Kennon discovers their existence and harsh living conditions at Otpen One from Douglas Alexander.","Contrary to Jordan's claim that there are no male Lani on the island, Kennon discovers their existence and comfortable living conditions at Otpen One from Douglas Alexander.","In Chapter 6, Jordan informs Kennon that there are no male Lani on the island and that they reproduce through artificial fertilization. However, in Chapter 11, Kennon learns from Douglas Alexander about the existence of male Lani and their harsh living conditions at Otpen One. This revelation directly contradicts the information Kennon received earlier, exposing a hidden aspect of the Lani population.","The corrupted fact incorrectly states that the male Lani have comfortable living conditions, while the outline specifically mentions their harsh living conditions at Otpen One.","Chapter 6, 11","- Chapter 6, item 2: Kennon learns from Jordan that there are no male Lani on the island, and they reproduce through artificial fertilization.
- Chapter 11, item 2: At Otpen One, Kennon learns about the existence of male Lani and their harsh living conditions from Douglas.
- Relationship: Contradiction, revelation of hidden information"
"The peculiar crater Kennon and Copper discover on Mount Olympus contains what Copper refers to as the ""God-Egg,"" which they later investigate.","The peculiar crater Kennon and Copper discover on Mount Olympus contains what Copper refers to as the ""God-Stone,"" which they later investigate.","In Chapter 12, Kennon and Copper discover a peculiar crater on a circular tableland while exploring Mount Olympus. In Chapter 13, they return to this volcanic area and locate the same crater, which Copper identifies as containing the ""God-Egg."" This connection shows that the initial discovery leads to a more focused investigation of the crater and its contents.","The corrupted fact incorrectly refers to the object in the crater as the ""God-Stone,"" while the outline clearly states that Copper calls it the ""God-Egg.""","Chapter 12, 13","- Chapter 12, item 4: They discover a narrow path through a lava wall and follow it to a circular tableland with a peculiar crater.
- Chapter 13, item 4: Kennon and Copper fly to the volcanic area and locate the crater containing what Copper calls the ""God-Egg.""
- Relationship: Exploration and discovery of the same location"
Kennon and Copper's exploration of the ancient spaceship progresses from donning protective radiation suits to enter the crater to carefully documenting their findings inside the ship with cameras and recorders.,Kennon and Copper's exploration of the ancient spaceship progresses from donning protective radiation suits to enter the crater to carefully mapping the ship's exterior with surveying equipment.,"In Chapter 13, Kennon and Copper put on protective radiation suits to descend into the crater and examine the ancient spaceship. This initial step is followed by a more thorough exploration in Chapter 14, where they enter the spaceship and meticulously document their findings using cameras and recorders. This progression shows the increasing depth and detail of their investigation of the ancient spacecraft.","The corrupted fact incorrectly states that they map the ship's exterior with surveying equipment, while the outline clearly indicates that they enter the spaceship and document their exploration inside with cameras and recorders.","Chapter 13, 14","- Chapter 13, item 5: They don protective radiation suits and descend into the crater to examine the ancient spaceship.
- Chapter 14, item 1: Kennon and Copper enter the ancient spaceship, carefully documenting their exploration with cameras and recorders.
- Relationship: Progression of exploration"
"Copper's pregnancy, revealed to Kennon on Flora, culminates in the birth of their son on Beta.","Copper's pregnancy, revealed to Kennon on Flora, culminates in the birth of their daughter on Beta.","In Chapter 15, Copper informs Kennon about her pregnancy in their bedroom on Flora. This revelation is followed by the birth of their son in Chapter 19, which takes place at a medical center on Beta. This progression shows the complete arc of Copper's pregnancy, from its revelation to the birth of their child, spanning two different planets.","The corrupted fact incorrectly states that Copper gives birth to a daughter, while the outline clearly mentions that she gives birth to a son.","Chapter 15, 19","- Chapter 15, item 1: Copper reveals to Kennon that she is pregnant with his child in their bedroom.
- Chapter 19, item 6: Copper goes into labor and gives birth to a son at the medical center.
- Relationship: Progression of pregnancy"
"Despite signing a reasonable contract with Alexander in the beginning, Kennon breaches it by leaving Flora without permission.","Despite signing a reasonable contract with Alexander in the beginning, Kennon breaches it by hiring additional staff on Flora without permission.","In Chapter 2, Alexander presents Kennon with a second, more reasonable contract, which Kennon accepts. However, in Chapter 20, Alexander reveals that Kennon has breached this original contract by leaving Flora. This fact highlights the contrast between Kennon's initial agreement and his subsequent actions, which violate the terms of his employment.","The corrupted fact incorrectly states that Kennon breaches the contract by hiring additional staff, while the outline clearly indicates that the breach was due to Kennon leaving Flora without permission.","Chapter 2, 20","- Chapter 2, item 5: Alexander presents Kennon with a second, more reasonable contract.
- Chapter 20, item 6: Alexander reveals that Kennon has breached his original contract by leaving Flora.
- Relationship: Contract terms and violation"
Jac Kennon's response to a boxed ad in the Kardon Journal of Allied Medical Sciences leads to an interview invitation from Outworld Enterprises Incorporated.,Jac Kennon's response to a classified ad in the Kardon Journal of Allied Medical Sciences leads to an interview invitation from Outworld Enterprises Incorporated.,"In Chapter 1, Kennon reads a boxed ad for a high-paying veterinary position. This action directly results in him receiving an interview invitation from Outworld Enterprises Incorporated in Chapter 2, demonstrating a clear cause-and-effect relationship between these two events.","The ad Kennon responds to is specifically described as a ""boxed ad,"" not a ""classified ad,"" making this corrupted fact incorrect.","Chapter 1, 2","- Chapter 1, item 1: Jac Kennon reads a boxed ad in the Kardon Journal of Allied Medical Sciences offering a high-paying veterinary position.
- Chapter 2, item 1: Kennon receives a letter from Box V-9 inviting him to an interview at Outworld Enterprises Incorporated.
- Relationship: Cause and effect"
Kennon's initial encounter with two Lani women at Alexandria is followed by a more shocking experience when he sees two identical Lani brought in by Douglas Alexander.,Kennon's initial encounter with two Lani women at Alexandria is followed by a more shocking experience when he sees two male Lani brought in by Douglas Alexander.,"In Chapter 3, Kennon first sees two Lani women at Alexandria. This initial exposure is then contrasted with a more impactful encounter in Chapter 4, where Douglas Alexander brings in two identical Lani that shock Kennon with their beauty and similarity to humans. This progression shows how Kennon's understanding of the Lani evolves through these encounters.","The Lani brought in by Douglas are described as identical and beautiful, implying they are female, not male, making this corrupted fact incorrect.","Chapter 3, 4","- Chapter 3, item 2: Kennon first sees two Lani women at Alexandria.
- Chapter 4, item 1: Douglas Alexander enters the room with two identical Lani, shocking Kennon with their beauty and similarity to humans.
- Relationship: Progression of Kennon's exposure to Lani"
"Contrary to Jordan's claim that there are no male Lani on the island, Kennon discovers their existence and harsh living conditions at Otpen One from Douglas Alexander.","Contrary to Jordan's claim that there are no male Lani on the island, Kennon discovers their existence and comfortable living conditions at Otpen One from Douglas Alexander.","In Chapter 6, Jordan informs Kennon that there are no male Lani on the island. However, this information is contradicted in Chapter 11 when Kennon visits Otpen One and learns from Douglas Alexander about the existence of male Lani and their harsh living conditions. This revelation shows a significant discrepancy in the information Kennon receives about the Lani population.","The male Lani at Otpen One are described as living in harsh conditions, not comfortable ones, making this corrupted fact incorrect.","Chapter 6, 11","- Chapter 6, item 2: Kennon learns from Jordan that there are no male Lani on the island.
- Chapter 11, item 2: At Otpen One, Kennon learns about the existence of male Lani and their harsh living conditions from Douglas.
- Relationship: Contradiction and revelation"
"The peculiar crater Kennon and Copper discover on Mount Olympus contains what Copper refers to as the ""God-Egg,"" which they later investigate.","The peculiar crater Kennon and Copper discover on Mount Olympus contains what Copper refers to as the ""God-Stone,"" which they later investigate.","In Chapter 12, Kennon and Copper discover a peculiar crater on Mount Olympus. This discovery is followed up in Chapter 13 when they return to the volcanic area and locate the crater, which Copper identifies as containing the ""God-Egg."" This progression shows how their initial discovery leads to further investigation of the same location.","Copper refers to the object in the crater as the ""God-Egg,"" not the ""God-Stone,"" making this corrupted fact incorrect.","Chapter 12, 13","- Chapter 12, item 4: They discover a narrow path through a lava wall and follow it to a circular tableland with a peculiar crater.
- Chapter 13, item 4: Kennon and Copper fly to the volcanic area and locate the crater containing what Copper calls the ""God-Egg.""
- Relationship: Further exploration of the same location"
Kennon and Copper's exploration of the ancient spaceship progresses from donning protective radiation suits to enter the crater to carefully documenting their findings inside the ship with cameras and recorders.,Kennon and Copper's exploration of the ancient spaceship progresses from donning protective radiation suits to enter the crater to carefully mapping the ship's exterior with surveying equipment.,"In Chapter 13, Kennon and Copper put on protective radiation suits to descend into the crater and examine the ancient spaceship. This initial step is followed in Chapter 14 by a more thorough exploration, where they enter the spaceship and document their findings using cameras and recorders. This progression shows how their investigation of the spaceship becomes more detailed and systematic over time.","The outline states that Kennon and Copper document their findings inside the ship, not map its exterior, making this corrupted fact incorrect.","Chapter 13, 14","- Chapter 13, item 5: They don protective radiation suits and descend into the crater to examine the ancient spaceship.
- Chapter 14, item 1: Kennon and Copper enter the ancient spaceship, carefully documenting their exploration with cameras and recorders.
- Relationship: Progression of exploration"
"Copper's pregnancy, revealed to Kennon on Flora, culminates in the birth of their son on Beta.","Copper's pregnancy, revealed to Kennon on Flora, culminates in the birth of their daughter on Beta.","In Chapter 15, Copper reveals to Kennon that she is pregnant with his child while they are in their bedroom on Flora. This pregnancy progresses, and in Chapter 19, Copper gives birth to their son at a medical center on Beta. This fact shows the complete arc of Copper's pregnancy, from revelation to birth, spanning two different planets.","The outline specifically states that Copper gives birth to a son, not a daughter, making this corrupted fact incorrect.","Chapter 15, 19","- Chapter 15, item 1: Copper reveals to Kennon that she is pregnant with his child in their bedroom.
- Chapter 19, item 6: Copper goes into labor and gives birth to a son at the medical center.
- Relationship: Progression of pregnancy"
"Despite signing a reasonable contract with Alexander in the beginning, Kennon breaches it by leaving Flora without permission.","Despite signing a reasonable contract with Alexander in the beginning, Kennon breaches it by revealing Flora's secrets to outsiders.","In Chapter 2, Kennon negotiates changes to his contract with Alexander, focusing on personal privacy rights, which suggests he agreed to reasonable terms. However, in Chapter 20, Alexander reveals that Kennon has breached this contract by leaving Flora without permission. This fact highlights the contrast between Kennon's initial agreement and his later actions that violate the contract terms.","The outline states that Kennon breached his contract by leaving Flora, not by revealing secrets, making this corrupted fact incorrect.","Chapter 2, 20","- Chapter 2, item 6: Kennon negotiates changes to the contract, particularly regarding personal privacy rights.
- Chapter 20, item 6: Alexander reveals that Kennon has breached his original contract by leaving Flora.
- Relationship: Contract agreement and violation"
Jac Kennon's response to a boxed ad in the Kardon Journal of Allied Medical Sciences results in an interview invitation from Outworld Enterprises Incorporated.,Jac Kennon's response to a classified ad in the Kardon Times results in an interview invitation from Outworld Enterprises Incorporated.,"In Chapter 1, Kennon reads a boxed ad for a high-paying veterinary position. This action leads directly to the event in Chapter 2, where he receives an interview invitation from Outworld Enterprises Incorporated, demonstrating a clear cause-and-effect relationship between these two specific events.","The corrupted fact incorrectly states that Kennon responded to a classified ad in the Kardon Times, rather than a boxed ad in the Kardon Journal of Allied Medical Sciences, making this version inaccurate.","Chapter 1, 2","- Chapter 1, item 1: Jac Kennon reads a boxed ad in the Kardon Journal of Allied Medical Sciences offering a high-paying veterinary position.
- Chapter 2, item 1: Kennon receives a letter from Box V-9 inviting him to an interview at Outworld Enterprises Incorporated.
- Relationship: Cause and effect"
Kennon's initial encounter with two Lani women at Alexandria is followed by a more shocking experience when he sees two identical Lani brought in by Douglas Alexander.,Kennon's initial encounter with two Lani men at Alexandria is followed by a more shocking experience when he sees two identical Lani brought in by Douglas Alexander.,"In Chapter 3, Kennon first sees two Lani women upon arriving at Alexandria. This initial exposure is then contrasted with the event in Chapter 4, where Douglas Alexander brings in two identical Lani, which shocks Kennon due to their beauty and similarity to humans. This progression shows how Kennon's understanding and perception of the Lani evolves from his first encounter to a more startling revelation.","The corrupted fact incorrectly states that Kennon's initial encounter was with Lani men, when the outline clearly states it was with Lani women, making this version inaccurate.","Chapter 3, 4","- Chapter 3, item 2: Kennon first sees two Lani women upon landing at Alexandria.
- Chapter 4, item 1: Douglas Alexander enters the room with two identical Lani, shocking Kennon with their beauty and similarity to humans.
- Relationship: Progression of Kennon's exposure to Lani"
"Contrary to Jordan's claim that there are no male Lani on the island, Kennon discovers their existence and harsh living conditions at Otpen One from Douglas Alexander.","Contrary to Jordan's claim that there are no female Lani on the island, Kennon discovers their existence and harsh living conditions at Otpen One from Douglas Alexander.","In Chapter 6, Jordan informs Kennon that there are no male Lani on the island. However, this information is directly contradicted in Chapter 11, when Kennon learns from Douglas about the existence of male Lani and their harsh living conditions at Otpen One. This fact highlights a significant revelation that contradicts earlier information provided to Kennon.","The corrupted fact incorrectly states that Jordan claimed there were no female Lani, when in fact he said there were no male Lani, making this version inaccurate.","Chapter 6, 11","- Chapter 6, item 2: Kennon learns from Jordan that there are no male Lani on the island.
- Chapter 11, item 2: At Otpen One, Kennon learns about the existence of male Lani and their harsh living conditions from Douglas.
- Relationship: Contradiction and revelation"
"The peculiar crater Kennon and Copper discover on Mount Olympus contains what Copper refers to as the ""God-Egg,"" which they later investigate.","The peculiar crater Kennon and Copper discover on Mount Olympus contains what Copper refers to as the ""God-Stone,"" which they later investigate.","In Chapter 12, Kennon and Copper discover a peculiar crater with a narrow path through a lava wall on Mount Olympus. This discovery is further explored in Chapter 13, where they return to the volcanic area and locate the crater, which Copper reveals contains the ""God-Egg."" This progression shows how their initial discovery leads to a more significant revelation about the crater's contents.","The corrupted fact incorrectly states that Copper refers to the object as the ""God-Stone"" instead of the ""God-Egg,"" making this version inaccurate.","Chapter 12, 13","- Chapter 12, item 4: Kennon and Copper discover a peculiar crater with a narrow path through a lava wall.
- Chapter 13, item 4: Kennon and Copper fly to the volcanic area and locate the crater containing what Copper calls the ""God-Egg.""
- Relationship: Further exploration and revelation"
Kennon and Copper's exploration of the ancient spaceship progresses from excavating the emergency airlock with a small digger to carefully documenting their findings inside the ship with cameras and recorders.,Kennon and Copper's exploration of the ancient spaceship progresses from excavating the main entrance with explosives to carefully documenting their findings inside the ship with sketches and notes.,"In Chapter 13, Kennon and Copper spend a day excavating the emergency airlock of the spaceship using a small digger. This initial work leads to the events in Chapter 14, where they enter the ancient spaceship and carefully document their exploration using cameras and recorders. This fact demonstrates the progression of their investigation from external excavation to internal exploration and documentation.","The corrupted fact incorrectly states that they used explosives to excavate the main entrance, and documented their findings with sketches and notes, when in fact they used a small digger on the emergency airlock and used cameras and recorders for documentation, making this version inaccurate.","Chapter 13, 14","- Chapter 13, item 6: Kennon and Copper spend the day excavating the emergency airlock of the spaceship using a small digger.
- Chapter 14, item 1: Kennon and Copper enter the ancient spaceship, carefully documenting their exploration with cameras and recorders.
- Relationship: Progression of exploration"
"Copper's pregnancy, revealed to Kennon on Flora, culminates in the birth of their son on Beta.","Copper's pregnancy, revealed to Kennon on Beta, culminates in the birth of their daughter on Flora.","In Chapter 15, Copper reveals to Kennon that she is pregnant with his child while they are in their bedroom on Flora. This pregnancy progresses to Chapter 19, where Copper goes into labor and gives birth to a son at a medical center on Beta. This fact demonstrates the full progression of Copper's pregnancy from revelation to birth, spanning two different planets.","The corrupted fact incorrectly states that the pregnancy was revealed on Beta and resulted in the birth of a daughter on Flora, when in fact it was revealed on Flora and resulted in the birth of a son on Beta, making this version inaccurate.","Chapter 15, 19","- Chapter 15, item 1: Copper reveals to Kennon that she is pregnant with his child in their bedroom.
- Chapter 19, item 6: Copper goes into labor and gives birth to a son at the medical center.
- Relationship: Progression of pregnancy"
"Despite signing a reasonable contract with Alexander in the beginning, Kennon breaches it by leaving Flora without permission.","Despite signing a reasonable contract with Alexander in the beginning, Kennon breaches it by hiring additional staff on Flora without permission.","In Chapter 2, Alexander presents Kennon with a second, more reasonable contract, which Kennon accepts. However, in Chapter 20, Alexander reveals that Kennon has breached this original contract by leaving Flora without permission. This fact highlights the contrast between Kennon's initial agreement and his subsequent violation of the contract terms.","The corrupted fact incorrectly states that Kennon breached the contract by hiring additional staff, when in fact he breached it by leaving Flora without permission, making this version inaccurate.","Chapter 2, 20","- Chapter 2, item 5: Alexander presents Kennon with a second, more reasonable contract.
- Chapter 20, item 6: Alexander reveals that Kennon has breached his original contract by leaving Flora.
- Relationship: Contract agreement and violation"
Jac Kennon's response to a boxed ad in the Kardon Journal of Allied Medical Sciences results in an interview invitation from Outworld Enterprises Incorporated.,Jac Kennon's response to a classified ad in the Kardon Journal of Allied Medical Sciences results in an interview invitation from Outworld Enterprises Incorporated.,"In Chapter 1, Kennon reads a boxed ad offering a high-paying veterinary position. This action leads directly to the event in Chapter 2, where he receives an interview invitation from Outworld Enterprises Incorporated, demonstrating a clear cause-and-effect relationship between these two specific events.","The ad Kennon responds to is specifically described as a ""boxed ad,"" not a ""classified ad,"" making this corrupted fact incorrect.","Chapter 1, 2","- Chapter 1, item 1: Jac Kennon reads a boxed ad in the Kardon Journal of Allied Medical Sciences offering a high-paying veterinary position.
- Chapter 2, item 1: Kennon receives a letter from Box V-9 inviting him to an interview at Outworld Enterprises Incorporated.
- Relationship: Cause and effect"
Kennon's initial encounter with two Lani women at Alexandria is followed by a more shocking experience when he sees two identical Lani brought in by Douglas Alexander.,Kennon's initial encounter with two Lani women at Alexandria is followed by a more shocking experience when he sees two male Lani brought in by Douglas Alexander.,"In Chapter 3, Kennon first sees two Lani women upon landing at Alexandria. This initial exposure is then contrasted with the event in Chapter 4, where Douglas Alexander brings in two identical Lani, which shocks Kennon due to their beauty and similarity to humans. This progression shows how Kennon's understanding and perception of the Lani evolves through these specific encounters.","The Lani brought in by Douglas are described as identical, not as male, making this corrupted fact incorrect.","Chapter 3, 4","- Chapter 3, item 2: Kennon first sees two Lani women when landing at Alexandria.
- Chapter 4, item 1: Douglas Alexander enters the room with two identical Lani, shocking Kennon with their beauty and similarity to humans.
- Relationship: Progression of Kennon's exposure to Lani"
"Contrary to Jordan's claim that there are no male Lani on the island, Kennon discovers their existence and harsh living conditions at Otpen One from Douglas Alexander.","Contrary to Jordan's claim that there are no male Lani on the island, Kennon discovers their existence and comfortable living conditions at Otpen One from Douglas Alexander.","In Chapter 6, Jordan informs Kennon that there are no male Lani on the island. However, this information is directly contradicted in Chapter 11 when Kennon learns from Douglas about the existence of male Lani and their harsh living conditions at Otpen One. This fact highlights a significant revelation that contradicts earlier information provided to Kennon.","The male Lani at Otpen One are described as living in harsh conditions, not comfortable conditions, making this corrupted fact incorrect.","Chapter 6, 11","- Chapter 6, item 2: Kennon learns from Jordan that there are no male Lani on the island.
- Chapter 11, item 2: At Otpen One, Kennon learns about the existence of male Lani and their harsh living conditions from Douglas.
- Relationship: Contradiction and revelation"
"The peculiar crater Kennon and Copper discover on Mount Olympus contains what Copper refers to as the ""God-Egg,"" which they later investigate.","The peculiar crater Kennon and Copper discover on Mount Olympus contains what Copper refers to as the ""God-Stone,"" which they later investigate.","In Chapter 12, Kennon and Copper discover a peculiar crater with a narrow path through a lava wall on Mount Olympus. This discovery is further explored in Chapter 13 when they return to the volcanic area and locate the crater, which Copper identifies as containing the ""God-Egg."" This fact shows the progression from initial discovery to identification and further investigation of the crater's contents.","Copper refers to the object in the crater as the ""God-Egg,"" not the ""God-Stone,"" making this corrupted fact incorrect.","Chapter 12, 13","- Chapter 12, item 4: Kennon and Copper discover a peculiar crater with a narrow path through a lava wall.
- Chapter 13, item 4: Kennon and Copper fly to the volcanic area and locate the crater containing what Copper calls the ""God-Egg.""
- Relationship: Further exploration and identification"
Kennon and Copper's exploration of the ancient spaceship progresses from excavating the emergency airlock with a small digger to carefully documenting their findings inside the ship with cameras and recorders.,Kennon and Copper's exploration of the ancient spaceship progresses from excavating the emergency airlock with explosives to carefully documenting their findings inside the ship with cameras and recorders.,"In Chapter 13, Kennon and Copper spend a day excavating the emergency airlock of the spaceship using a small digger. This initial work leads to the events in Chapter 14, where they enter the ancient spaceship and carefully document their exploration using cameras and recorders. This fact demonstrates the progression of their exploration from external excavation to internal documentation.","The excavation is done using a small digger, not explosives, making this corrupted fact incorrect.","Chapter 13, 14","- Chapter 13, item 6: Kennon and Copper spend the day excavating the emergency airlock of the spaceship using a small digger.
- Chapter 14, item 1: Kennon and Copper enter the ancient spaceship, carefully documenting their exploration with cameras and recorders.
- Relationship: Progression of exploration"
"Copper's pregnancy, revealed to Kennon on Flora, culminates in the birth of their son on Beta.","Copper's pregnancy, revealed to Kennon on Flora, culminates in the birth of their daughter on Beta.","In Chapter 15, Copper reveals to Kennon that she is pregnant with his child while they are in their bedroom on Flora. This pregnancy progresses throughout the story, leading to the event in Chapter 19 where Copper goes into labor and gives birth to a son at the medical center on Beta. This fact shows the complete arc of Copper's pregnancy from revelation to birth.","Copper gives birth to a son, not a daughter, making this corrupted fact incorrect.","Chapter 15, 19","- Chapter 15, item 1: Copper reveals to Kennon that she is pregnant with his child in their bedroom.
- Chapter 19, item 6: Copper goes into labor and gives birth to a son at the medical center.
- Relationship: Progression of pregnancy"
"Despite signing a reasonable contract with Alexander in the beginning, Kennon breaches it by leaving Flora without permission.","Despite signing a reasonable contract with Alexander in the beginning, Kennon breaches it by bringing Lani to Beta without permission.","In Chapter 2, Alexander presents Kennon with a second, more reasonable contract, which Kennon accepts. However, in Chapter 20, Alexander reveals that Kennon has breached this original contract by leaving Flora without permission. This fact highlights the contrast between Kennon's initial agreement and his subsequent violation of the contract terms.","The breach of contract is specifically due to Kennon leaving Flora without permission, not because of bringing Lani to Beta, making this corrupted fact incorrect.","Chapter 2, 20","- Chapter 2, item 5: Alexander presents Kennon with a second, more reasonable contract.
- Chapter 20, item 6: Alexander reveals that Kennon has breached his original contract by leaving Flora.
- Relationship: Contract agreement and violation"
Jac Kennon's response to a boxed ad in the Kardon Journal of Allied Medical Sciences results in an interview invitation from Outworld Enterprises Incorporated.,Jac Kennon's response to a boxed ad in the Kardon Journal of Allied Medical Sciences results in a job offer from Outworld Enterprises Incorporated.,"In Chapter 1, Kennon reads a boxed ad offering a high-paying veterinary position. This action leads directly to the event in Chapter 2, where he receives an interview invitation from Outworld Enterprises Incorporated. This demonstrates a clear cause-and-effect relationship between Kennon's initial interest in the ad and the subsequent interview opportunity.","The corrupted fact states that Kennon receives a job offer, which is incorrect. According to the outline, he receives an interview invitation, not a direct job offer.","Chapter 1, 2","- Chapter 1, item 1: Jac Kennon reads a boxed ad in the Kardon Journal of Allied Medical Sciences offering a high-paying veterinary position.
- Chapter 2, item 1: Kennon receives a letter from Box V-9 inviting him to an interview at Outworld Enterprises Incorporated.
- Relationship: Cause and effect"
Kennon's initial encounter with two Lani women at Alexandria is followed by a more shocking experience when he sees two identical Lani brought in by Douglas Alexander.,Kennon's initial encounter with two Lani women at Alexandria is followed by a more shocking experience when he sees two male Lani brought in by Douglas Alexander.,"In Chapter 3, Kennon first sees two Lani women upon arriving at Alexandria. This initial exposure is then contrasted with the event in Chapter 4, where Douglas Alexander brings in two identical Lani, which shocks Kennon with their beauty and similarity to humans. This progression shows how Kennon's understanding and perception of the Lani evolves from his first encounter to a more startling revelation about their appearance and nature.","The corrupted fact incorrectly states that Douglas brings in two male Lani, while the outline specifically mentions ""identical Lani"" without specifying gender, and earlier chapters establish that there are no male Lani on the island.","Chapter 3, 4","- Chapter 3, item 2: Kennon first sees two Lani women.
- Chapter 4, item 1: Douglas Alexander enters the room with two identical Lani, shocking Kennon with their beauty and similarity to humans.
- Relationship: Progression of Kennon's exposure to Lani"
"Contrary to Jordan's claim that there are no male Lani on the island, Kennon discovers their existence and harsh living conditions at Otpen One from Douglas Alexander.","Contrary to Jordan's claim that there are no male Lani on the island, Kennon discovers their existence and comfortable living conditions at Otpen One from Douglas Alexander.","In Chapter 6, Jordan informs Kennon that there are no male Lani on the island. However, this information is contradicted in Chapter 11 when Kennon visits Otpen One and learns from Douglas about the existence of male Lani and their harsh living conditions. This fact highlights a significant revelation that contradicts earlier information, showing the complex nature of the Lani situation and the secrets kept on Flora.","The corrupted fact incorrectly states that the male Lani have ""comfortable living conditions"" at Otpen One, while the outline specifically mentions ""harsh living conditions,"" which is a crucial detail about their situation.","Chapter 6, 11","- Chapter 6, item 2: Kennon learns from Jordan that there are no male Lani on the island.
- Chapter 11, item 2: At Otpen One, Kennon learns about the existence of male Lani and their harsh living conditions from Douglas.
- Relationship: Contradiction and revelation"
"The peculiar crater Kennon and Copper discover on Mount Olympus contains what Copper refers to as the ""God-Egg,"" which they later investigate.","The peculiar crater Kennon and Copper discover on Mount Olympus contains what Copper refers to as the ""God-Stone,"" which they later investigate.","In Chapter 12, Kennon and Copper discover a narrow path leading to a circular tableland with a peculiar crater. This discovery is further explored in Chapter 13, where they fly to the volcanic area and locate the crater, which Copper identifies as containing the ""God-Egg."" This fact shows the progression from initial discovery to identification and further investigation of a significant location in the story.","The corrupted fact incorrectly refers to the object in the crater as the ""God-Stone"" instead of the ""God-Egg,"" which is the term used by Copper in the outline.","Chapter 12, 13","- Chapter 12, item 4: They discover a narrow path through a lava wall and follow it to a circular tableland with a peculiar crater.
- Chapter 13, item 4: Kennon and Copper fly to the volcanic area and locate the crater containing what Copper calls the ""God-Egg.""
- Relationship: Further exploration and identification of a significant location"
Kennon and Copper's exploration of the ancient spaceship progresses from excavating the emergency airlock with a small digger to carefully documenting their findings inside the ship with cameras and recorders.,Kennon and Copper's exploration of the ancient spaceship progresses from excavating the emergency airlock with explosives to carefully documenting their findings inside the ship with sketches and notes.,"In Chapter 13, Kennon and Copper spend a day excavating the emergency airlock of the spaceship using a small digger. This initial work leads to the events in Chapter 14, where they enter the ancient spaceship and document their exploration with cameras and recorders. This fact demonstrates the progression of their investigation from external excavation to internal exploration and documentation.","The corrupted fact incorrectly states that they use explosives for excavation instead of a small digger, and that they document their findings with sketches and notes instead of cameras and recorders, which are the specific tools mentioned in the outline.","Chapter 13, 14","- Chapter 13, item 6: Kennon and Copper spend the day excavating the emergency airlock of the spaceship using a small digger.
- Chapter 14, item 1: Kennon and Copper enter the ancient spaceship, carefully documenting their exploration with cameras and recorders.
- Relationship: Progression of exploration"
Jac Kennon's response to a boxed ad in the Kardon Journal of Allied Medical Sciences results in an interview invitation from Outworld Enterprises Incorporated.,Jac Kennon's response to a classified ad in the Kardon Times results in an interview invitation from Outworld Enterprises Incorporated.,"In Chapter 1, Kennon reads a boxed ad for a high-paying veterinary position. This action leads directly to the event in Chapter 2, where he receives an interview invitation from Outworld Enterprises Incorporated, demonstrating a clear cause-and-effect relationship between these two specific events.","The corrupted fact incorrectly states that Kennon responded to a classified ad in the Kardon Times, rather than a boxed ad in the Kardon Journal of Allied Medical Sciences, making this version inaccurate.","Chapter 1, 2","- Chapter 1, item 1: Jac Kennon reads a boxed ad in the Kardon Journal of Allied Medical Sciences offering a high-paying veterinary position.
- Chapter 2, item 1: Kennon receives a letter from Box V-9 inviting him to an interview at Outworld Enterprises Incorporated.
- Relationship: Cause and effect"
Kennon's initial encounter with two Lani women at Alexandria is followed by a more shocking experience when he sees two identical Lani brought in by Douglas Alexander.,Kennon's initial encounter with two Lani women at Alexandria is followed by a more shocking experience when he sees two male Lani brought in by Douglas Alexander.,"In Chapter 3, Kennon first sees two Lani women at Alexandria. This initial exposure is then contrasted with a more impactful encounter in Chapter 4, where Douglas Alexander brings in two identical Lani that shock Kennon with their beauty and similarity to humans. This progression shows how Kennon's understanding and perception of the Lani evolve through these specific encounters.","The corrupted fact incorrectly states that Douglas Alexander brings in two male Lani, when the outline specifically mentions two identical Lani, making this version inaccurate.","Chapter 3, 4","- Chapter 3, item 2: Kennon first sees two Lani women.
- Chapter 4, item 1: Douglas Alexander enters the room with two identical Lani, shocking Kennon with their beauty and similarity to humans.
- Relationship: Progression of Kennon's exposure to Lani"
"Contrary to Jordan's claim that there are no male Lani on the island, Kennon discovers their existence and harsh living conditions at Otpen One from Douglas Alexander.","Contrary to Jordan's claim that there are no female Lani on the island, Kennon discovers their existence and harsh living conditions at Otpen One from Douglas Alexander.","In Chapter 6, Jordan informs Kennon that there are no male Lani on the island. However, this information is directly contradicted in Chapter 11 when Kennon learns from Douglas about the existence of male Lani and their harsh living conditions at Otpen One. This fact highlights a significant revelation that challenges Kennon's previous understanding of the Lani population.","The corrupted fact incorrectly states that Jordan claimed there were no female Lani, when in fact he said there were no male Lani, making this version inaccurate.","Chapter 6, 11","- Chapter 6, item 2: Kennon learns from Jordan that there are no male Lani on the island.
- Chapter 11, item 2: At Otpen One, Kennon learns about the existence of male Lani and their harsh living conditions from Douglas.
- Relationship: Contradiction and revelation"
"The peculiar crater Kennon and Copper discover on Mount Olympus contains what Copper refers to as the ""God-Egg,"" which they later investigate.","The peculiar crater Kennon and Copper discover on Mount Olympus contains what Copper refers to as the ""God-Stone,"" which they later investigate.","In Chapter 12, Kennon and Copper discover a peculiar crater on a circular tableland. This discovery is further explored in Chapter 13, where they return to the volcanic area and Copper identifies the crater as containing the ""God-Egg."" This progression shows how their initial discovery leads to a more detailed investigation and understanding of the crater's significance.","The corrupted fact incorrectly refers to the object in the crater as the ""God-Stone"" instead of the ""God-Egg,"" making this version inaccurate.","Chapter 12, 13","- Chapter 12, item 4: They discover a narrow path through a lava wall and follow it to a circular tableland with a peculiar crater.
- Chapter 13, item 4: Kennon and Copper fly to the volcanic area and locate the crater containing what Copper calls the ""God-Egg.""
- Relationship: Further exploration and identification of the crater"
Kennon and Copper's exploration of the ancient spaceship progresses from excavating the emergency airlock with a small digger to carefully documenting their findings inside the ship with cameras and recorders.,Kennon and Copper's exploration of the ancient spaceship progresses from excavating the main entrance with explosives to carefully documenting their findings inside the ship with sketches and notes.,"In Chapter 13, Kennon and Copper begin their exploration by excavating the emergency airlock of the spaceship using a small digger. This initial step leads to a more thorough investigation in Chapter 14, where they enter the spaceship and document their findings with cameras and recorders. This progression demonstrates the evolution of their exploration from external excavation to internal documentation.","The corrupted fact incorrectly states that they used explosives to excavate the main entrance, and documented their findings with sketches and notes, when in fact they used a small digger on the emergency airlock and used cameras and recorders for documentation, making this version inaccurate.","Chapter 13, 14","- Chapter 13, item 6: Kennon and Copper spend the day excavating the emergency airlock of the spaceship using a small digger.
- Chapter 14, item 1: Kennon and Copper enter the ancient spaceship, carefully documenting their exploration with cameras and recorders.
- Relationship: Progression of spaceship exploration"
"Copper's pregnancy, revealed to Kennon on Flora, culminates in the birth of their son on Beta.","Copper's pregnancy, revealed to Kennon on Beta, culminates in the birth of their daughter on Flora.","In Chapter 15, Copper reveals to Kennon that she is pregnant with his child while they are on Flora. This pregnancy progresses throughout the story, leading to Chapter 19, where Copper gives birth to their son at a medical center on Beta. This fact demonstrates the full arc of Copper's pregnancy, from revelation to birth, and highlights the change in location from Flora to Beta.","The corrupted fact incorrectly states that the pregnancy was revealed on Beta and resulted in the birth of a daughter on Flora, when in fact the pregnancy was revealed on Flora and resulted in the birth of a son on Beta, making this version inaccurate.","Chapter 15, 19","- Chapter 15, item 1: Copper reveals to Kennon that she is pregnant with his child in their bedroom.
- Chapter 19, item 6: Copper goes into labor and gives birth to a son at the medical center.
- Relationship: Progression of Copper's pregnancy"
"Despite signing a reasonable contract with Alexander in the beginning, Kennon breaches it by leaving Flora without permission.","Despite signing a reasonable contract with Alexander in the beginning, Kennon breaches it by hiring additional staff on Flora without permission.","In Chapter 2, Alexander presents Kennon with a second, more reasonable contract, which Kennon accepts. However, in Chapter 20, Alexander reveals that Kennon has breached this contract by leaving Flora without permission. This fact highlights the contrast between Kennon's initial agreement and his later actions, which violate the terms of his employment.","The corrupted fact incorrectly states that Kennon breached the contract by hiring additional staff, when in fact he breached it by leaving Flora without permission, making this version inaccurate.","Chapter 2, 20","- Chapter 2, item 5: Alexander presents Kennon with a second, more reasonable contract.
- Chapter 20, item 6: Alexander reveals that Kennon has breached his original contract by leaving Flora.
- Relationship: Contract agreement and breach"
Jac Kennon's response to a boxed ad in the Kardon Journal of Allied Medical Sciences results in an interview invitation from Outworld Enterprises Incorporated.,Jac Kennon's response to a classified ad in the Kardon Times results in an interview invitation from Outworld Enterprises Incorporated.,"In Chapter 1, Kennon reads a boxed ad for a high-paying veterinary position. This action leads directly to the event in Chapter 2, where he receives an interview invitation from Outworld Enterprises Incorporated, demonstrating a clear cause-and-effect relationship between these two specific events.","The corrupted fact incorrectly states that Kennon responded to a classified ad in the Kardon Times, rather than a boxed ad in the Kardon Journal of Allied Medical Sciences, making this version inaccurate.","Chapter 1, 2","- Chapter 1, item 1: Jac Kennon reads a boxed ad in the Kardon Journal of Allied Medical Sciences offering a high-paying veterinary position.
- Chapter 2, item 1: Kennon receives a letter from Box V-9 inviting him to an interview at Outworld Enterprises Incorporated.
- Relationship: Cause and effect"
Kennon's initial encounter with two Lani women at Alexandria is followed by a more shocking experience when he sees two identical Lani brought in by Douglas Alexander.,Kennon's initial encounter with two Lani women at Alexandria is followed by a more shocking experience when he sees two male Lani brought in by Douglas Alexander.,"In Chapter 3, Kennon first sees two Lani women at Alexandria. This initial exposure is then contrasted with a more impactful encounter in Chapter 4, where Douglas Alexander brings in two identical Lani, shocking Kennon with their beauty and similarity to humans. This progression shows how Kennon's understanding of the Lani evolves through these specific encounters.","The corrupted fact incorrectly states that Douglas Alexander brought in two male Lani, when in fact, the outline specifies that they were identical Lani, not specifically male.","Chapter 3, 4","- Chapter 3, item 2: Kennon first sees two Lani women.
- Chapter 4, item 1: Douglas Alexander enters the room with two identical Lani, shocking Kennon with their beauty and similarity to humans.
- Relationship: Progression of Kennon's exposure to Lani"
"Contrary to Jordan's claim that there are no male Lani on the island, Kennon discovers their existence and harsh living conditions at Otpen One from Douglas Alexander.","Contrary to Jordan's claim that there are no male Lani on the island, Kennon discovers their existence and comfortable living conditions at Otpen One from Douglas Alexander.","In Chapter 6, Jordan informs Kennon that there are no male Lani on the island. However, this information is directly contradicted in Chapter 11 when Kennon visits Otpen One and learns from Douglas about the existence of male Lani and their harsh living conditions. This revelation shows a significant discrepancy in the information Kennon receives about the Lani population.","The corrupted fact incorrectly states that the male Lani have comfortable living conditions, when the outline specifically mentions their harsh living conditions at Otpen One.","Chapter 6, 11","- Chapter 6, item 2: Kennon learns from Jordan that there are no male Lani on the island.
- Chapter 11, item 2: At Otpen One, Kennon learns about the existence of male Lani and their harsh living conditions from Douglas.
- Relationship: Contradiction and revelation"
"The peculiar crater Kennon and Copper discover on Mount Olympus contains what Copper refers to as the ""God-Egg,"" which they later investigate.","The peculiar crater Kennon and Copper discover on Mount Olympus contains what Copper refers to as the ""God-Stone,"" which they later investigate.","In Chapter 12, Kennon and Copper discover a peculiar crater on a circular tableland. This discovery is further explored in Chapter 13, where they return to the volcanic area and locate the crater, which Copper identifies as containing the ""God-Egg."" This progression shows how their initial discovery leads to a more detailed investigation of the crater's contents.","The corrupted fact incorrectly refers to the object in the crater as the ""God-Stone"" instead of the ""God-Egg,"" which is the term used by Copper in the outline.","Chapter 12, 13","- Chapter 12, item 4: They discover a narrow path through a lava wall and follow it to a circular tableland with a peculiar crater.
- Chapter 13, item 4: Kennon and Copper fly to the volcanic area and locate the crater containing what Copper calls the ""God-Egg.""
- Relationship: Exploration and discovery"
Kennon and Copper's exploration of the ancient spaceship progresses from excavating the emergency airlock with a small digger to carefully documenting their findings inside the ship with cameras and recorders.,Kennon and Copper's exploration of the ancient spaceship progresses from excavating the main entrance with explosives to carefully documenting their findings inside the ship with sketches and notes.,"In Chapter 13, Kennon and Copper begin their exploration by excavating the emergency airlock of the spaceship using a small digger. This initial step leads to a more thorough investigation in Chapter 14, where they enter the spaceship and document their exploration with cameras and recorders. This progression demonstrates the development of their investigation from external excavation to internal documentation.","The corrupted fact incorrectly states that they used explosives to excavate the main entrance, and that they documented their findings with sketches and notes, when the outline specifically mentions using a small digger for the emergency airlock and cameras and recorders for documentation.","Chapter 13, 14","- Chapter 13, item 6: Kennon and Copper spend the day excavating the emergency airlock of the spaceship using a small digger.
- Chapter 14, item 1: Kennon and Copper enter the ancient spaceship, carefully documenting their exploration with cameras and recorders.
- Relationship: Progression of exploration"
"Copper's pregnancy, revealed to Kennon on Flora, culminates in the birth of their son on Beta.","Copper's pregnancy, revealed to Kennon on Beta, culminates in the birth of their daughter on Flora.","In Chapter 15, Copper reveals to Kennon that she is pregnant with his child while they are on Flora. This pregnancy progresses throughout the story, leading to Chapter 19, where Copper gives birth to their son at a medical center on Beta. This fact demonstrates the full arc of Copper's pregnancy, from revelation to birth, across different locations.","The corrupted fact incorrectly states that the pregnancy was revealed on Beta and resulted in the birth of a daughter on Flora, which contradicts the information provided in the outline.","Chapter 15, 19","- Chapter 15, item 1: Copper reveals to Kennon that she is pregnant with his child in their bedroom.
- Chapter 19, item 6: Copper goes into labor and gives birth to a son at the medical center.
- Relationship: Progression of pregnancy"
"Despite signing a reasonable contract with Alexander in the beginning, Kennon breaches it by leaving Flora without permission.","Despite signing a reasonable contract with Alexander in the beginning, Kennon fulfills all its terms by staying on Flora throughout his employment.","In Chapter 2, Alexander presents Kennon with a reasonable contract, which Kennon accepts. However, in Chapter 20, Alexander reveals that Kennon has breached this contract by leaving Flora without permission. This fact highlights the contrast between Kennon's initial agreement and his later actions, which violate the terms of his employment.","The corrupted fact incorrectly states that Kennon fulfilled all the terms of his contract by staying on Flora, when in fact, the outline clearly states that he breached the contract by leaving Flora without permission.","Chapter 2, 20","- Chapter 2, item 5: Alexander presents Kennon with a second, more reasonable contract.
- Chapter 20, item 6: Alexander reveals that Kennon has breached his original contract by leaving Flora.
- Relationship: Contract agreement and violation"
Jac Kennon's response to a boxed ad in the Kardon Journal of Allied Medical Sciences leads to an interview invitation from Outworld Enterprises Incorporated.,Jac Kennon's response to a classified ad in the Kardon Journal of Allied Medical Sciences leads to an interview invitation from Outworld Enterprises Incorporated.,"In Chapter 1, Kennon reads a boxed ad for a high-paying veterinary position. This action directly results in him receiving an interview invitation from Outworld Enterprises Incorporated in Chapter 2, demonstrating a clear cause-and-effect relationship between these two events.","The ad Kennon responds to is specifically described as a ""boxed ad,"" not a ""classified ad,"" making this corrupted fact incorrect.","Chapter 1, 2","- Chapter 1, item 1: Jac Kennon reads a boxed ad in the Kardon Journal of Allied Medical Sciences offering a high-paying veterinary position.
- Chapter 2, item 1: Kennon receives a letter from Box V-9 inviting him to an interview at Outworld Enterprises Incorporated.
- Relationship: Cause and effect"
Kennon's initial encounter with two Lani women at Alexandria is followed by a more shocking experience when he sees two identical Lani brought in by Douglas Alexander.,Kennon's initial encounter with two Lani women at Alexandria is followed by a more shocking experience when he sees two different Lani brought in by Douglas Alexander.,"In Chapter 3, Kennon first sees two Lani women at Alexandria. This initial exposure is then contrasted with a more impactful experience in Chapter 4, where Douglas Alexander brings in two identical Lani, shocking Kennon with their beauty and similarity to humans. This progression shows how Kennon's understanding of the Lani evolves.","The Lani brought in by Douglas are specifically described as ""identical,"" not ""different,"" making this corrupted fact incorrect.","Chapter 3, 4","- Chapter 3, item 2: Kennon first sees two Lani women at Alexandria.
- Chapter 4, item 1: Douglas Alexander enters the room with two identical Lani, shocking Kennon with their beauty and similarity to humans.
- Relationship: Progression of Kennon's exposure to Lani"
"Contrary to Jordan's claim that there are no male Lani on the island, Kennon discovers their existence and harsh living conditions at Otpen One from Douglas Alexander.","Contrary to Jordan's claim that there are no male Lani on the island, Kennon discovers their existence and comfortable living conditions at Otpen One from Douglas Alexander.","In Chapter 6, Jordan informs Kennon that there are no male Lani on the island. However, this information is contradicted in Chapter 11 when Kennon learns from Douglas Alexander about the existence of male Lani and their harsh living conditions at Otpen One. This fact highlights a significant revelation that contradicts earlier information provided to Kennon.","The living conditions of the male Lani at Otpen One are described as ""harsh,"" not ""comfortable,"" making this corrupted fact incorrect.","Chapter 6, 11","- Chapter 6, item 2: Jordan tells Kennon there are no male Lani on the island.
- Chapter 11, item 2: At Otpen One, Kennon learns about the existence of male Lani and their harsh living conditions from Douglas.
- Relationship: Contradiction and revelation"
"The peculiar crater Kennon and Copper discover on Mount Olympus contains what Copper refers to as the ""God-Egg,"" which they later investigate.","The peculiar crater Kennon and Copper discover on Mount Olympus contains what Copper refers to as the ""God-Stone,"" which they later investigate.","In Chapter 12, Kennon and Copper discover a peculiar crater on a circular tableland. This discovery is further explored in Chapter 13, where they fly to the volcanic area and locate the crater, which Copper identifies as containing the ""God-Egg."" This progression shows how their initial discovery leads to a more detailed investigation of the significant location.","Copper refers to the object in the crater as the ""God-Egg,"" not the ""God-Stone,"" making this corrupted fact incorrect.","Chapter 12, 13","- Chapter 12, item 4: They discover a narrow path through a lava wall and follow it to a circular tableland with a peculiar crater.
- Chapter 13, item 4: Kennon and Copper fly to the volcanic area and locate the crater containing what Copper calls the ""God-Egg.""
- Relationship: Further exploration and identification of a significant location"
Kennon and Copper's exploration of the ancient spaceship progresses from excavating the emergency airlock with a small digger to carefully documenting their findings inside the ship with cameras and recorders.,Kennon and Copper's exploration of the ancient spaceship progresses from excavating the emergency airlock with explosives to carefully documenting their findings inside the ship with cameras and recorders.,"In Chapter 13, Kennon and Copper spend a day excavating the emergency airlock of the spaceship using a small digger. This initial work leads to their entry into the spaceship in Chapter 14, where they carefully document their exploration using cameras and recorders. This fact demonstrates the progression of their investigation from external excavation to internal exploration and documentation.","The excavation is done using a small digger, not explosives, making this corrupted fact incorrect.","Chapter 13, 14","- Chapter 13, item 6: Kennon and Copper spend the day excavating the emergency airlock of the spaceship using a small digger.
- Chapter 14, item 1: Kennon and Copper enter the ancient spaceship, carefully documenting their exploration with cameras and recorders.
- Relationship: Progression of exploration"
Jac Kennon's response to a boxed ad in the Kardon Journal of Allied Medical Sciences results in an interview invitation from Outworld Enterprises Incorporated.,Jac Kennon's response to a classified ad in the Kardon Times results in an interview invitation from Outworld Enterprises Incorporated.,"In Chapter 1, Kennon reads a boxed ad for a high-paying veterinary position. This action leads directly to the event in Chapter 2, where he receives an interview invitation from Outworld Enterprises Incorporated, showing a clear cause-and-effect relationship between these two specific events.","The corrupted fact incorrectly states that Kennon responded to a classified ad in the Kardon Times, rather than a boxed ad in the Kardon Journal of Allied Medical Sciences, making it inaccurate based on the chapter outlines.","Chapter 1, 2","- Chapter 1, item 1: Jac Kennon reads a boxed ad in the Kardon Journal of Allied Medical Sciences offering a high-paying veterinary position.
- Chapter 2, item 1: Kennon receives a letter from Box V-9 inviting him to an interview at Outworld Enterprises Incorporated.
- Relationship: Cause and effect"
Kennon's initial encounter with two Lani women at Alexandria is followed by a more shocking experience when he sees two identical Lani brought in by Douglas Alexander.,Kennon's initial encounter with two Lani women at Alexandria is followed by a more shocking experience when he sees two male Lani brought in by Douglas Alexander.,"In Chapter 3, Kennon first sees two Lani women at Alexandria. This initial encounter is then contrasted with the event in Chapter 4, where Douglas Alexander brings in two identical Lani, which shocks Kennon due to their beauty and similarity to humans. This progression shows how Kennon's exposure to and understanding of the Lani develops over time.","The corrupted fact incorrectly states that Douglas Alexander brings in two male Lani, when the outline specifically mentions two identical Lani, not specifying their gender. This makes the corrupted fact inaccurate based on the information provided.","Chapter 3, 4","- Chapter 3, item 2: Kennon first sees two Lani women.
- Chapter 4, item 1: Douglas Alexander enters the room with two identical Lani, shocking Kennon with their beauty and similarity to humans.
- Relationship: Progression of Kennon's exposure to Lani"
"Contrary to Jordan's claim that there are no male Lani on the island, Kennon discovers their existence and harsh living conditions at Otpen One from Douglas Alexander.","Contrary to Jordan's claim that there are no male Lani on the island, Kennon discovers their existence and comfortable living conditions at Otpen One from Douglas Alexander.","In Chapter 6, Jordan informs Kennon that there are no male Lani on the island and that they reproduce through artificial fertilization. However, in Chapter 11, Kennon learns from Douglas Alexander about the existence of male Lani at Otpen One and their harsh living conditions. This fact highlights the contradiction between the information provided by Jordan and the reality Kennon discovers later.","The corrupted fact incorrectly states that the male Lani have comfortable living conditions at Otpen One, when the outline specifically mentions their harsh living conditions. This makes the corrupted fact inaccurate based on the information provided.","Chapter 6, 11","- Chapter 6, item 2: Kennon learns from Jordan that there are no male Lani on the island, and they reproduce through artificial fertilization.
- Chapter 11, item 2: At Otpen One, Kennon learns about the existence of male Lani and their harsh living conditions from Douglas.
- Relationship: Contradiction and revelation"
"The peculiar crater Kennon and Copper discover on Mount Olympus contains what Copper refers to as the ""God-Egg,"" which they later investigate.","The peculiar crater Kennon and Copper discover on Mount Olympus contains what Copper refers to as the ""God-Stone,"" which they later investigate.","In Chapter 12, Kennon and Copper discover a peculiar crater on a circular tableland on Mount Olympus. Later, in Chapter 13, they return to this volcanic area and investigate the crater, which Copper identifies as containing the ""God-Egg."" This fact shows the progression of their discovery and investigation of this significant location.","The corrupted fact incorrectly refers to the object in the crater as the ""God-Stone"" instead of the ""God-Egg,"" making it inaccurate based on the information provided in the chapter outlines.","Chapter 12, 13","- Chapter 12, item 4: Kennon and Copper discover a narrow path through a lava wall and follow it to a circular tableland with a peculiar crater.
- Chapter 13, item 4: Kennon and Copper fly to the volcanic area and locate the crater containing what Copper calls the ""God-Egg.""
- Relationship: Further investigation of the same location"
Kennon and Copper's exploration of the ancient spaceship progresses from excavating the emergency airlock with a small digger to carefully documenting their findings inside the ship with cameras and recorders.,Kennon and Copper's exploration of the ancient spaceship progresses from excavating the emergency airlock with explosives to carefully documenting their findings inside the ship with sketches and notes.,"In Chapter 13, Kennon and Copper spend a day excavating the emergency airlock of the spaceship using a small digger. This initial work leads to the events in Chapter 14, where they enter the ancient spaceship and document their exploration with cameras and recorders. This fact demonstrates the progression of their investigation from external excavation to internal exploration and documentation.","The corrupted fact incorrectly states that they used explosives for excavation and documented their findings with sketches and notes, when the outline specifically mentions a small digger for excavation and cameras and recorders for documentation. This makes the corrupted fact inaccurate based on the information provided.","Chapter 13, 14","- Chapter 13, item 6: Kennon and Copper spend the day excavating the emergency airlock of the spaceship using a small digger.
- Chapter 14, item 1: Kennon and Copper enter the ancient spaceship, carefully documenting their exploration with cameras and recorders.
- Relationship: Progression of spaceship exploration"
"Copper's pregnancy, revealed to Kennon on Flora, culminates in the birth of their son on Beta.","Copper's pregnancy, revealed to Kennon on Flora, culminates in the birth of their daughter on Beta.","In Chapter 15, Copper reveals to Kennon that she is pregnant with his child while they are on Flora. This pregnancy progresses until Chapter 19, where Copper gives birth to their son at a medical center on Beta. This fact shows the complete arc of Copper's pregnancy, from revelation to birth, and highlights the change in location from Flora to Beta.","The corrupted fact incorrectly states that Copper gives birth to a daughter, when the outline specifically mentions the birth of a son. This makes the corrupted fact inaccurate based on the information provided in the chapter outlines.","Chapter 15, 19","- Chapter 15, item 1: Copper reveals to Kennon that she is pregnant with his child in their bedroom.
- Chapter 19, item 6: Copper goes into labor and gives birth to a son at the medical center.
- Relationship: Progression of Copper's pregnancy"
"Despite signing a reasonable contract with Alexander in the beginning, Kennon breaches it by leaving Flora without permission.","Despite signing a reasonable contract with Alexander in the beginning, Kennon breaches it by hiring additional staff on Flora without permission.","In Chapter 2, Alexander presents Kennon with a reasonable contract, which Kennon accepts. However, in Chapter 20, Alexander reveals that Kennon has breached this contract by leaving Flora without permission. This fact highlights the initial agreement between Kennon and Alexander and the subsequent violation of that agreement by Kennon.","The corrupted fact incorrectly states that Kennon breached the contract by hiring additional staff, when the outline specifically mentions that the breach was due to leaving Flora without permission. This makes the corrupted fact inaccurate based on the information provided in the chapter outlines.","Chapter 2, 20","- Chapter 2, item 5: Alexander presents Kennon with a second, more reasonable contract.
- Chapter 20, item 6: Alexander reveals that Kennon has breached his original contract by leaving Flora.
- Relationship: Contract agreement and violation"
