facts,corrupted_facts,fact_reasoning,corrupted_reasoning,source,brainstorm,duplication,duplication_reasoning,verify_facts,verify_facts_reasoning,verify_corruption,verify_corruption_reasoning
"Mr. Abel and Nuflo both have mysterious pasts in Venezuela's interior, with Abel arriving in Georgetown from there and Nuflo leading a group of fugitives in the region.","Mr. Abel and Nuflo both have mysterious pasts in Brazil's interior, with Abel arriving in Georgetown from there and Nuflo leading a group of fugitives in the region.","Chapter 1 reveals that Mr. Abel arrived in Georgetown from the interior of Venezuela 12 years earlier, while Chapter 16 shows that Nuflo's past involves leading a group of fugitives in the same region. This connection highlights the importance of Venezuela's interior in shaping the backgrounds of key characters.","The corrupted fact incorrectly states that their pasts are connected to Brazil's interior, when the outline clearly mentions Venezuela for both characters.","Chapter 1, 16","- Chapter 1, item 2: Mr. Abel arrived in Georgetown 12 years earlier, penniless and ill, from the interior of Venezuela.
- Chapter 16, item 3: Nuflo begins to tell the narrator the story of Rima's origin, starting with his time as a leader of a group of fugitives.
- Relationship: Both characters have mysterious pasts in Venezuela's interior.",Unique,Valid claim,VALID,"1. Analysis of atomic parts:
   a. ""Mr. Abel and Nuflo both have mysterious pasts in Venezuela's interior"": 
      - Mr. Abel's mysterious past is grounded in the chapter outline, where it is mentioned that he arrived in Georgetown from the interior of Venezuela, penniless and ill (Chapter 1, event 2).
      - Nuflo's mysterious past is grounded in Chapter 16, where he is described as having been a leader of a group of fugitives in Venezuela's interior (Chapter 16, event 3).
   b. ""Abel arriving in Georgetown from there"": This part is grounded in Chapter 1, event 2, where Mr. Abel's arrival in Georgetown from the interior of Venezuela is mentioned.
   c. ""Nuflo leading a group of fugitives in the region"": This part is grounded in Chapter 16, event 3, where Nuflo's past as a leader of fugitives is described.

2. Analysis of the relationship between atomic parts:
   a. The relationship is objectively valid and meaningful, as both characters have pasts connected to Venezuela's interior, which is a significant aspect of their backgrounds.
   b. The relationship is not a subjective interpretation; it is explicitly supported by the chapter outline.
   c. The relationship makes sense based on the book summary and chapter outline, as both characters' pasts are tied to the same geographical region, adding depth to their mysterious backgrounds.

Since all atomic parts are grounded in the chapter outline and the relationship between them is valid and meaningful, the claim is consistent with the provided information.",INVALID,"1. Analysis of atomic parts:
   a. Mr. Abel has a mysterious past in Brazil's interior: The summary and chapter outline do not mention Brazil in relation to Mr. Abel. The outline states that Mr. Abel arrived in Georgetown from the interior of Venezuela, not Brazil. Therefore, this part is not grounded in the provided information.
   b. Nuflo has a mysterious past in Brazil's interior: The summary and chapter outline do not mention Brazil in relation to Nuflo. Nuflo's past involves leading a group of fugitives and discovering a woman near a cave in Riolama, but there is no mention of Brazil. Therefore, this part is not grounded in the provided information.

2. Analysis of the relationship between atomic parts:
   a. The relationship is not meaningful because both atomic parts are not grounded in the provided information. There is no evidence in the summary or outline to support the claim that both characters have mysterious pasts in Brazil's interior.
   b. The relationship is a subjective interpretation and not explicitly grounded in the summary or outline.
   c. The relationship does not contradict any information in the summary or outline, but it is not supported by them either.

Since neither atomic part is grounded in the provided information, and the relationship is not meaningful or explicitly stated, the claim is INVALID."
"Rima's desire to find people who can understand her language is linked to her mother's origin in Riolama, where Nuflo discovered a mysterious woman he believed to be a saint.","Rima's desire to find people who can understand her language is linked to her father's origin in Cuzco, where Nuflo discovered a mysterious man he believed to be a saint.","In Chapter 12, Rima expresses her desire to find people like herself who can understand her language. Chapter 16 reveals that Nuflo discovered a mysterious woman near a cave in Riolama, who later turns out to be Rima's mother. This connection suggests that Rima's unique language and her search for her people are directly related to her mother's origin in Riolama.","The corrupted fact incorrectly states that Rima's search is related to her father's origin in Cuzco, when the outline clearly indicates that the mysterious figure discovered by Nuflo in Riolama was a woman (Rima's mother) and that Cuzco was merely mentioned as a place Rima inquired about.","Chapter 12, 16","- Chapter 12, item 3: Rima reveals her desire to find people like herself who can understand her language, particularly asking about the people of Cuzco.
- Chapter 16, item 4: Nuflo and his companions discover a mysterious woman near a cave in Riolama, whom Nuflo believes to be a saint.
- Relationship: Rima's origin and her search for her people are connected to Riolama.",Unique,Valid claim,VALID,"1. Analysis of atomic parts:
   a. ""Rima's desire to find people who can understand her language"": This part is grounded in Chapter 12, where Rima expresses her wish to find people like herself who can understand her language.
   b. ""linked to her mother's origin in Riolama"": This part is grounded in the book summary, which explains that Rima's mother fled from Riolama, where their people were believed to have been wiped out.
   c. ""where Nuflo discovered a mysterious woman he believed to be a saint"": This part is grounded in Chapter 16, where Nuflo recounts finding a mysterious woman near a cave in Riolama.

2. Analysis of the relationship between atomic parts:
   a. The relationship is meaningful and objectively valid. Rima's desire to find people who understand her language is directly related to her origins, which are tied to Riolama, as revealed by Nuflo's story.
   b. The relationship is not a subjective interpretation; it is explicitly supported by the narrative's context, where Rima's search for her people is linked to her mother's past and the events in Riolama.
   c. The relationship makes sense based on the book summary and chapter outline, as both sources provide consistent information about Rima's quest and her connection to Riolama.

Since all considerations are satisfied, the claim is VALID.",INVALID,"1. Analysis of atomic parts:
    a. ""Rima's desire to find people who can understand her language"": This part is grounded in Chapter 12, where Rima expresses her wish to find people like herself who can understand her language.
    b. ""linked to her father's origin in Cuzco"": There is no mention in the book summary or chapter outline of Rima's father or any connection to Cuzco. The chapter outline mentions Rima asking about the people of Cuzco, but it does not establish any link to her father's origin.
    c. ""Nuflo discovered a mysterious man he believed to be a saint"": This part is grounded in Chapter 16, where Nuflo discovers a mysterious woman, not a man, near a cave in Riolama, whom he believes to be a saint. There is no mention of a man in Cuzco.

2. Analysis of the relationship between atomic parts:
    a. The relationship is not meaningful or valid because there is no evidence in the summary or outline linking Rima's desire to find people who understand her language to her father's origin in Cuzco or to Nuflo discovering a mysterious man.
    b. The relationship is a subjective interpretation and not explicitly grounded in the summary or outline.
    c. The relationship does not make sense based on the book summary and chapter outline, as there is no mention of Rima's father or a connection to Cuzco in the context provided.

Since 1b., 1c., 2a., and 2b. are not satisfied, the claim is INVALID."
"The tribe's plan for the narrator to kill the mysterious girl in the forest, as revealed by Kua-ko, ultimately culminated in Rima's gruesome death at the hands of the Indians.","The tribe's plan for the narrator to protect the mysterious girl in the forest, as revealed by Kua-ko, ultimately culminated in Rima's gruesome death at the hands of the Indians.","In Chapter 6, Kua-ko reveals the tribe's plan for the narrator to kill the mysterious girl (Rima) in the forest. Later, in Chapter 20, the protagonist learns about Rima's gruesome death at the hands of the Indians. This connection shows the escalation of the tribe's hostility towards Rima, from a plan to her actual death.","The corrupted fact incorrectly states that the tribe's plan was to protect Rima, when the outline clearly indicates that they planned for the narrator to kill her.","Chapter 6, 20","- Chapter 6, item 6: Kua-ko reveals the tribe's plan for the narrator to kill the mysterious girl in the forest.
- Chapter 20, item 2: The protagonist learns about Rima's gruesome death at the hands of the Indians.
- Relationship: The tribe's hostility towards Rima escalates from a plan to her actual death.",Unique,Valid claim,VALID,"1. Analysis of atomic parts:
   a. ""The tribe's plan for the narrator to kill the mysterious girl in the forest, as revealed by Kua-ko"": This part is grounded in Chapter 6, where Kua-ko reveals the tribe's plan for the narrator to kill the mysterious girl, who is Rima.
   b. ""ultimately culminated in Rima's gruesome death at the hands of the Indians"": This part is grounded in Chapter 20, where it is revealed that Rima was killed by the Indians.

2. Analysis of the relationship between atomic parts:
   a. The relationship is objectively valid and meaningful. The tribe's plan to kill the mysterious girl (Rima) is directly related to her eventual death at the hands of the Indians, as it shows a continuity of intent and action against her.
   b. The relationship is not a subjective interpretation; it is explicitly supported by the events described in the chapter outlines.
   c. The relationship makes sense based on the book summary and chapter outline. There is no contradiction between the summary and the chapter outlines regarding the fate of Rima and the tribe's intentions.

Since all considerations are satisfied, the claim is VALID.",INVALID,"1. Analysis of each atomic part:
   a. ""The tribe's plan for the narrator to protect the mysterious girl in the forest"": This part is not grounded in the chapter outline. In Chapter 6, Kua-ko reveals the tribe's plan for the narrator to kill the mysterious girl, not protect her.
   b. ""as revealed by Kua-ko"": This part is grounded in Chapter 6, where Kua-ko reveals the tribe's plan to the narrator.
   c. ""ultimately culminated in Rima's gruesome death at the hands of the Indians"": This part is grounded in Chapter 20, where it is revealed that Rima was killed by the Indians.

2. Analysis of the relationship between atomic parts:
   a. The relationship is not valid because the claim incorrectly states that the tribe's plan was for the narrator to protect the girl, which contradicts the chapter outline where the plan was to kill her.
   b. The relationship is a subjective interpretation and not explicitly grounded in the summary or outline.
   c. The relationship does not make sense based on the book summary and chapter outline, as the initial plan was to kill, not protect, the girl.

Since 1a. is not satisfied and the relationship between the atomic parts is not valid, the claim is INVALID."
The narrator's relationship with Runi evolves from drinking casserie together and bonding over shared animosity towards Managa to searching for a lost revolver in the woods.,The narrator's relationship with Runi evolves from drinking casserie together and bonding over shared animosity towards Managa to searching for lost gold in the woods.,"In Chapter 2, the narrator and Runi form a bond while drinking casserie and sharing their dislike for Managa. Later, in Chapter 14, their relationship has developed to the point where they go on a search together for the narrator's lost revolver, indicating a level of trust and cooperation between them.","The search in Chapter 14 was for a lost revolver, not for gold, making this corrupted fact incorrect.","Chapter 2, 14","- Chapter 2, item 7: The narrator and Runi drink casserie together, becoming intoxicated and forming a bond over their shared animosity towards Managa.
- Chapter 14, item 6: The narrator goes on a fruitless search for the lost revolver with Runi in the woods.
- Relationship: Evolution of the narrator's relationship with Runi",Unique,Valid claim,VALID,"1. Analysis of atomic parts:
   a. ""The narrator's relationship with Runi evolves from drinking casserie together and bonding over shared animosity towards Managa"": This part is grounded in events 6 and 7 of Chapter 2, where the narrator and Runi drink casserie and bond over their shared animosity towards Managa.
   b. ""to searching for a lost revolver in the woods"": This part is grounded in event 6 of Chapter 14, where the narrator goes on a fruitless search for the lost revolver with Runi in the woods.

2. Analysis of the relationship between atomic parts:
   a. The relationship is objectively valid and meaningful as it shows the progression of the narrator's relationship with Runi from initial bonding over shared experiences to collaborating in a search, indicating a deeper level of trust and interaction.
   b. The relationship is not a subjective interpretation; it is based on events described in the chapter outline.
   c. The relationship makes sense based on the book summary and chapter outline, as it reflects the evolving nature of the narrator's interactions with Runi.

Since all considerations are satisfied, the claim is VALID.",INVALID,"1. Analysis of atomic parts:
   a. ""The narrator's relationship with Runi evolves from drinking casserie together and bonding over shared animosity towards Managa"": This part is grounded in events 6 and 7 of Chapter 2, where the narrator and Runi drink casserie and bond over their shared animosity towards Managa.
   b. ""to searching for lost gold in the woods"": This part is not grounded in the chapter outline. The outline mentions the narrator's search for gold in Parahuari (event 3 of Chapter 2), but it does not involve Runi or searching for lost gold in the woods with him.

2. Analysis of the relationship between atomic parts:
   a. The relationship is not meaningful or valid because there is no direct connection between the narrator's bonding with Runi over drinking casserie and any subsequent search for lost gold in the woods with Runi. The chapter outline does not mention any such search involving Runi.
   b. The relationship is a subjective interpretation and not explicitly grounded in the summary or outline.
   c. The relationship does not contradict any information in the summary or outline, but it lacks grounding in the provided details.

Since 1b. and 2a. are not satisfied, the claim is INVALID."
Rima's desire to search for her mother's people in unexplored regions of Brazil and the Cordilleras is connected to Nuflo's discovery of a mysterious woman near a cave in Riolama.,Rima's desire to search for her father's people in unexplored regions of Brazil and the Cordilleras is connected to Nuflo's discovery of a mysterious woman near a cave in Riolama.,"In Chapter 12, Rima expresses her desire to travel to unexplored regions to find her mother's people. Chapter 16 reveals that Nuflo had discovered a mysterious woman, believed to be a saint, near a cave in Riolama. This connection suggests that the woman Nuflo found is likely Rima's mother and that Riolama is the place where Rima's people originated.","The outline mentions Rima searching for her mother's people, not her father's, making this corrupted fact incorrect.","Chapter 12, 16","- Chapter 12, item 6: Rima suggests traveling to unexplored regions of Brazil and the Cordilleras to search for her mother's people.
- Chapter 16, item 4: Nuflo and his companions discover a mysterious woman near a cave in Riolama, whom Nuflo believes to be a saint.
- Relationship: Origin of Rima's people",Unique,Valid claim,VALID,"1. Analysis of atomic parts:
   a. ""Rima's desire to search for her mother's people in unexplored regions of Brazil and the Cordilleras"": This part is grounded in event 5 of Chapter 12, where Rima suggests traveling to these regions to search for her mother's people.
   b. ""is connected to Nuflo's discovery of a mysterious woman near a cave in Riolama"": This part is grounded in event 4 of Chapter 16, where Nuflo discovers a mysterious woman near a cave in Riolama.

2. Analysis of the relationship between atomic parts:
   a. The relationship is meaningful and objectively valid. Rima's desire to search for her mother's people is directly related to the story of her origin, which involves Nuflo's discovery of her mother near Riolama. This connection is supported by the narrative in the book summary, which mentions Rima's search for her origins and the journey to Riolama.
   b. The relationship is not a subjective interpretation; it is explicitly supported by the narrative context provided in both the summary and the chapter outline.
   c. The relationship makes sense based on the book summary and chapter outline, as both parts are consistent with the overarching narrative of Rima's search for her origins and the connection to Riolama.

Since all considerations are satisfied, the claim is VALID.",INVALID,"1. Analysis of atomic parts:
    a. ""Rima's desire to search for her father's people in unexplored regions of Brazil and the Cordilleras"": This part is not grounded in the chapter outline or book summary. The chapter outline and summary mention Rima's desire to find people like herself, particularly her mother's people, not her father's. The mention of Brazil and the Cordilleras is present in Chapter 12, but it is related to her mother's people.
    b. ""Nuflo's discovery of a mysterious woman near a cave in Riolama"": This part is grounded in Chapter 16, where Nuflo discovers a mysterious woman near a cave in Riolama.

2. Analysis of the relationship between atomic parts:
    a. The relationship is not meaningful because the claim incorrectly associates Rima's search with her father's people, whereas the narrative focuses on her mother's people. The connection between Rima's desire and Nuflo's discovery is not explicitly stated or implied in the summary or outline.
    b. The relationship is a subjective interpretation and not explicitly grounded in the summary or outline.
    c. The relationship does not contradict any information in the summary or outline, but it is based on an incorrect premise regarding Rima's search.

Since 1a. is not satisfied and 2a. and 2b. are not satisfied, the claim is INVALID."
The snake bite the narrator receives when trying to touch the forest girl leads to him waking up in a hut under the care of an old man.,The snake bite the narrator receives when trying to touch the forest girl leads to him waking up in a hospital under the care of a doctor.,"In Chapter 7, the narrator is bitten by a snake when he attempts to touch the forest girl. The consequence of this event is revealed in Chapter 8, where the narrator wakes up in a hut, having survived the snake bite, and is being cared for by an old man. This connection shows the direct result of the snake bite incident.","The outline states that the narrator wakes up in a hut cared for by an old man, not in a hospital with a doctor, making this corrupted fact incorrect.","Chapter 7, 8","- Chapter 7, item 4: The snake bites the narrator on the leg when he tries to touch the girl.
- Chapter 8, item 1: The narrator wakes up in a hut, realizing he has survived a snake bite and a fall, and is being cared for by an old man.
- Relationship: Consequence of the snake bite",Unique,Valid claim,VALID,"1. Analysis of atomic parts:
    a. ""The snake bite the narrator receives when trying to touch the forest girl"": This part is grounded in Chapter 7, where the narrator is bitten by a snake when he attempts to touch the forest girl.
    b. ""leads to him waking up in a hut under the care of an old man"": This part is grounded in Chapter 8, where the narrator wakes up in a hut and is being cared for by an old man after the snake bite and a fall.

2. Analysis of the relationship between atomic parts:
    a. The relationship is objectively valid and meaningful. The snake bite is a direct cause of the narrator's subsequent condition, which results in him being found and cared for by the old man.
    b. The relationship is not a subjective interpretation; it is a logical sequence of events as presented in the chapter outline.
    c. The relationship makes sense based on the book summary and chapter outline, as the events are consistent with the narrative of the protagonist's journey and encounters in the forest.

Since all considerations are satisfied, the claim is VALID.",INVALID,"1. Analysis of atomic parts:
    a. ""The snake bite the narrator receives when trying to touch the forest girl"": This part is grounded in Chapter 7, where the narrator is bitten by a snake after attempting to touch the forest girl.
    b. ""leads to him waking up in a hospital under the care of a doctor"": This part is not grounded in the chapter outline. In Chapter 8, the narrator wakes up in a hut, not a hospital, and is cared for by an old man, not a doctor.

2. Analysis of the relationship between atomic parts:
    a. The relationship is not valid because the claim incorrectly states that the narrator wakes up in a hospital under the care of a doctor, which contradicts the chapter outline where he wakes up in a hut cared for by an old man.
    b. The relationship is a misinterpretation of the events described in the chapter outline.
    c. The relationship does not make sense based on the book summary and chapter outline, as there is no mention of a hospital or a doctor.

Since 1b. and 2a. are not satisfied, the claim is INVALID."
"After escaping from the Indian village using music as a distraction, the narrator walks through the forest, observing nature and experiencing a sense of ethereal lightness.","After escaping from the Indian village using a disguise as a distraction, the narrator walks through the forest, observing nature and experiencing a sense of ethereal lightness.","Chapter 14 describes the narrator's plan to escape from the Indian village using music as a distraction. The subsequent chapter, Chapter 15, begins with the narrator walking through the forest and experiencing a sense of ethereal lightness. This connection shows the immediate aftermath of the narrator's escape plan.","The outline states that the narrator used music, not a disguise, to distract the villagers during his escape, making this corrupted fact incorrect.","Chapter 14, 15","- Chapter 14, item 7: The narrator plans his escape from the Indian village, using music to distract the inhabitants and fleeing towards the forest.
- Chapter 15, item 1: The narrator walks through the forest, observing nature and experiencing a sense of ethereal lightness.
- Relationship: Sequence of events",Unique,Valid claim,VALID,"1. Analysis of atomic parts:
   a. ""After escaping from the Indian village using music as a distraction"": This part is grounded in event 7 of Chapter 14, where the narrator plans his escape from the Indian village using music to distract the inhabitants.
   b. ""the narrator walks through the forest, observing nature and experiencing a sense of ethereal lightness"": This part is grounded in event 1 of Chapter 15, where the narrator walks through the forest, observing nature and experiencing a sense of ethereal lightness.

2. Analysis of the relationship between atomic parts:
   a. The relationship is objectively valid and meaningful. The sequence of events suggests that after escaping the village, the narrator walks through the forest, which is a logical progression.
   b. The relationship is not a subjective interpretation or assumption; it is based on the sequence of events outlined in the chapter outline.
   c. The relationship makes sense based on the book summary and chapter outline. There is no contradiction between the claim and the provided information.

Since all considerations are satisfied, the claim is VALID.",INVALID,"1. Analysis of atomic parts:
   a. ""After escaping from the Indian village using a disguise as a distraction"": The chapter outline does not mention the use of a disguise as a distraction. Instead, it mentions that the narrator uses music to distract the inhabitants and flees towards the forest (Chapter 14, event 7). Therefore, this part is not grounded in the chapter outline.
   b. ""the narrator walks through the forest, observing nature and experiencing a sense of ethereal lightness"": This part is grounded in Chapter 15, event 1, where the narrator walks through the forest and experiences a sense of ethereal lightness.

2. Analysis of the relationship between atomic parts:
   a. The relationship is not objectively valid because the claim incorrectly states that a disguise was used as a distraction, which is not supported by the chapter outline.
   b. The relationship is a subjective interpretation and not explicitly grounded in the summary or outline.
   c. The relationship does not make sense based on the book summary and chapter outline, as the method of escape is inaccurately described.

Since 1a. and 2a. are not satisfied, the claim is INVALID."
The narrator's unsuccessful search for gold in Parahuari predates Nuflo's arrival with Rima in the same location following her mother's death.,The narrator's successful search for gold in Parahuari coincides with Nuflo's arrival with Rima in the same location following her mother's death.,"In Chapter 2, the narrator travels to Parahuari searching for gold but finds none. Later, in Chapter 16, we learn that Nuflo brought Rima to Parahuari after her mother's death. This connection shows that both the narrator and Rima have a history with Parahuari, albeit at different times and for different reasons.","The narrator's search for gold in Parahuari was unsuccessful, not successful, making this corrupted fact incorrect.","Chapter 2, 16","- Chapter 2, item 3: The narrator travels to Parahuari in search of gold, but finds none and becomes disillusioned.
- Chapter 16, item 7: After the woman's death, Nuflo takes Rima to Parahuari and eventually settles in the forest near Ytaioa.
- Relationship: Location (Parahuari)",Unique,Valid claim,VALID,"1. Analysis of atomic parts:
   a. ""The narrator's unsuccessful search for gold in Parahuari"": This part is grounded in event 3 of Chapter 2, where the narrator travels to Parahuari in search of gold but finds none and becomes disillusioned.
   b. ""Nuflo's arrival with Rima in the same location following her mother's death"": This part is grounded in event 7 of Chapter 16, where Nuflo takes Rima to Parahuari after her mother's death.

2. Analysis of the relationship between atomic parts:
   a. The relationship is temporal, suggesting that the narrator's search for gold occurred before Nuflo's arrival with Rima. This is consistent with the chapter outlines, as the narrator's search is mentioned in Chapter 2, while Nuflo's arrival with Rima is detailed in Chapter 16.
   b. The relationship is objectively valid and meaningful, as it establishes a chronological sequence of events.
   c. The relationship does not contradict any information in the book summary or chapter outline. The summary provides a broader context of the protagonist's journey and interactions with Rima, which aligns with the outlined events.

Since all considerations are satisfied, the claim is VALID.",INVALID,"1. Analysis of atomic parts:
   a. ""The narrator's successful search for gold in Parahuari"": This part is not grounded in the chapter outline or the book summary. The chapter outline for Chapter 2, event 3, states that the narrator becomes disillusioned after finding no gold in Parahuari. Therefore, the claim of a successful search for gold contradicts the provided information.
   b. ""Nuflo's arrival with Rima in the same location following her mother's death"": This part is partially grounded in the chapter outline. Chapter 16, event 7, mentions Nuflo taking Rima to Parahuari after her mother's death, which aligns with this part of the claim.

2. Analysis of the relationship between atomic parts:
   a. The relationship is not objectively valid because the first atomic part is incorrect. The narrator did not successfully find gold in Parahuari, as per the chapter outline.
   b. The relationship is not explicitly stated in the summary or outline, and the incorrect information about the gold search undermines any meaningful connection.
   c. The relationship does not make sense based on the book summary and chapter outline due to the incorrect information about the gold search.

Since the first atomic part is not grounded in the provided information and the relationship is not meaningful or valid, the claim is INVALID."
Rima's discovery of Riolama's significance on the mountain leads to her confrontation with Nuflo about his deception and her demand to be taken there.,Rima's discovery of Riolama's insignificance on the mountain leads to her confrontation with Nuflo about his honesty and her refusal to go there.,"In Chapter 12, Rima becomes upset upon learning about Riolama and rushes away from the narrator on the mountain, perceiving deception from her grandfather Nuflo. This directly leads to the events in Chapter 13, where Rima confronts Nuflo about his lies regarding Riolama and demands that he take her there. This sequence shows how the revelation on the mountain triggers Rima's confrontation with Nuflo.","Rima discovers Riolama's significance, not insignificance, and demands to go there rather than refusing, making this corrupted fact incorrect.","Chapter 12, 13","- Chapter 12, item 7: Rima, upset at the perceived deception by her grandfather Nuflo, rushes away towards home, leaving the narrator alone on the mountain.
- Chapter 13, item 3: Rima appears suddenly and confronts Nuflo about his lies regarding Riolama, demanding he take her there.
- Relationship: Cause and effect, confrontation",Unique,Valid claim,VALID,"1. Analysis of atomic parts:
   a. ""Rima's discovery of Riolama's significance on the mountain"": This part is grounded in Chapter 12, where Rima reacts intensely upon hearing about Riolama, recognizing it as the place she is seeking.
   b. ""leads to her confrontation with Nuflo about his deception"": This part is grounded in Chapter 13, where Rima confronts Nuflo about his lies regarding Riolama.
   c. ""and her demand to be taken there"": This part is also grounded in Chapter 13, where Rima demands that Nuflo take her to Riolama.

2. Analysis of the relationship between atomic parts:
   a. The relationship is objectively valid and meaningful. Rima's discovery of Riolama's significance directly leads to her confrontation with Nuflo and her demand to be taken there, as these events are causally connected.
   b. The relationship is not a subjective interpretation; it is explicitly stated in the chapter outline.
   c. The relationship makes sense based on the book summary and chapter outline, as it aligns with Rima's quest to find her people and the subsequent actions she takes upon learning about Riolama.

Since all considerations are satisfied, the claim is VALID.",INVALID,"1. Analysis of atomic parts:
   a. ""Rima's discovery of Riolama's insignificance on the mountain"": This part is not explicitly grounded in the chapter outline. In Chapter 12, Rima reacts intensely to the mention of Riolama, recognizing it as the place she seeks, but there is no indication that she discovers its insignificance.
   b. ""leads to her confrontation with Nuflo about his honesty"": This part is grounded in Chapter 13, where Rima confronts Nuflo about his lies regarding Riolama.
   c. ""and her refusal to go there"": This part is not grounded in the chapter outline. Instead, Rima demands to be taken to Riolama, indicating a desire to go there rather than a refusal.

2. Analysis of the relationship between atomic parts:
   a. The relationship is not objectively valid because the claim suggests a causal link between Rima's discovery of Riolama's insignificance and her confrontation with Nuflo, which is not supported by the chapter outline. The outline indicates that Rima's reaction is due to recognizing Riolama as the place she seeks, not its insignificance.
   b. The relationship is a subjective interpretation and not explicitly grounded in the summary or outline.
   c. The relationship does not make sense based on the book summary and chapter outline, as Rima's actions are driven by her recognition of Riolama, not a discovery of its insignificance.

Since the claim is not supported by the chapter outline and presents a subjective interpretation, it is INVALID."
"The narrator's preparation of cured sloth flesh for his journey does not prevent him from becoming severely ill during his travel to the coast, though he perseveres with renewed determination.","The narrator's preparation of cured sloth flesh for his journey ensures his good health during his travel to the coast, allowing him to proceed without any difficulties.","In Chapter 22, the narrator spends time curing sloth flesh and creating a sack to store it for his travels, indicating his preparation for the journey. However, Chapter 23 reveals that despite this preparation, the narrator becomes severely ill during his journey to the coast. This shows that his careful preparation was not sufficient to prevent hardship, but his memory of previous survival helps him continue with renewed determination.","The narrator becomes severely ill despite his preparations, not maintaining good health, making this corrupted fact incorrect.","Chapter 22, 23","- Chapter 22, item 2: He spends time curing the sloth's flesh and creating a sack to store it for his travels.
- Chapter 23, item 1: The narrator becomes severely ill during his journey to the coast, but remembers his previous survival and continues with renewed determination.
- Relationship: Preparation and consequence",Unique,Valid claim,VALID,"1. Analysis of atomic parts:
    a. ""The narrator's preparation of cured sloth flesh for his journey"": This part is grounded in events 1 and 2 of Chapter 22, where the narrator kills a sloth and cures its flesh for his journey.
    b. ""does not prevent him from becoming severely ill during his travel to the coast"": This part is grounded in event 1 of Chapter 23, where the narrator becomes severely ill during his journey.
    c. ""though he perseveres with renewed determination"": This part is grounded in event 1 of Chapter 23, where the narrator remembers his previous survival and continues with renewed determination.

2. Analysis of the relationship between atomic parts:
    a. The relationship is meaningful and valid. The claim suggests that despite the narrator's preparation of food, he still becomes ill, indicating that the preparation did not prevent his illness. However, he continues his journey with determination, showing resilience.
    b. The relationship is not a subjective interpretation; it is an objective observation based on the events described in the chapter outline.
    c. The relationship makes sense based on the book summary and chapter outline. There is no contradiction with the information provided.

Since all atomic parts are grounded in the chapter outline, and the relationship between them is meaningful and coherent, the claim is VALID.",INVALID,"1. Analysis of atomic parts:
   a. ""The narrator's preparation of cured sloth flesh for his journey"": This part is grounded in events 1 and 2 of Chapter 22, where the narrator kills a sloth and cures its flesh for his journey.
   b. ""ensures his good health during his travel to the coast"": This part is not supported by the chapter outline. In Chapter 23, the narrator becomes severely ill during his journey, experiencing extreme physical discomfort and fever-induced hallucinations.
   c. ""allowing him to proceed without any difficulties"": This part is contradicted by the chapter outline, as the narrator faces significant challenges, including illness and hallucinations, during his journey.

2. Analysis of the relationship between atomic parts:
   a. The relationship is not objectively valid, as the preparation of the sloth flesh does not ensure the narrator's good health or allow him to proceed without difficulties. The chapter outline explicitly states that he becomes severely ill.
   b. The relationship is a subjective interpretation and not explicitly grounded in the summary or outline.
   c. The relationship does not make sense based on the book summary and chapter outline, as the narrator's journey is fraught with difficulties.

Since 1b., 1c., 2a., and 2c. are not satisfied, the claim is INVALID."
Rima's discovery of Riolama's significance on the mountain leads to her confrontation with Nuflo about his deception and her demand to be taken there.,Rima's discovery of Riolama's significance on the mountain leads to her reconciliation with Nuflo about his honesty and her request to stay in their current location.,"In Chapter 12, Rima becomes upset upon learning about Riolama and rushes away from the mountain. In Chapter 13, she confronts Nuflo about his lies regarding Riolama and demands to be taken there. This sequence of events shows how Rima's newfound knowledge about Riolama directly leads to her confrontation with Nuflo and her desire to visit the place.","Rima confronts Nuflo about his deception and demands to be taken to Riolama, rather than reconciling with him or requesting to stay, making this corrupted fact incorrect.","Chapter 12, 13","- Chapter 12, item 7: Rima, upset at the perceived deception by her grandfather Nuflo, rushes away towards home, leaving the narrator alone on the mountain.
- Chapter 13, item 3: Rima appears suddenly and confronts Nuflo about his lies regarding Riolama, demanding he take her there.
- Chapter 13, item 4: Rima kneels and prays to her deceased mother, revealing her feelings for the narrator and asking for Nuflo's punishment.
- Relationship: Cause and effect (discovery of Riolama's significance and confrontation)",Unique,Valid claim,VALID,"1. Analysis of atomic parts:
   a. ""Rima's discovery of Riolama's significance on the mountain"": This part is grounded in Chapter 12, where Rima reacts intensely upon hearing about Riolama, recognizing it as the place she is seeking.
   b. ""leads to her confrontation with Nuflo about his deception"": This part is grounded in Chapter 13, where Rima confronts Nuflo about his lies regarding Riolama.
   c. ""and her demand to be taken there"": This part is also grounded in Chapter 13, where Rima demands that Nuflo take her to Riolama.

2. Analysis of the relationship between atomic parts:
   a. The relationship is objectively valid and meaningful. Rima's discovery of Riolama's significance directly leads to her confrontation with Nuflo and her demand to be taken there, as these events are causally connected.
   b. The relationship is not a subjective interpretation; it is explicitly supported by the sequence of events in the chapter outline.
   c. The relationship makes sense based on the book summary and chapter outline, as it aligns with Rima's quest to find her lost people and the significance of Riolama in her journey.

Since all atomic parts are grounded in the chapter outline and the relationship between them is valid and meaningful, the claim is VALID.",INVALID,"1. Analysis of atomic parts:
   a. ""Rima's discovery of Riolama's significance on the mountain"": This part is grounded in Chapter 12, where Rima reacts intensely upon hearing about Riolama, recognizing it as the place she is seeking.
   b. ""leads to her reconciliation with Nuflo about his honesty"": In Chapter 13, Rima confronts Nuflo about his lies regarding Riolama, and after a series of emotional exchanges, she forgives him at the narrator's urging.
   c. ""her request to stay in their current location"": There is no mention in the chapter outline or summary of Rima requesting to stay in their current location. Instead, the focus is on the journey to Riolama.

2. Analysis of the relationship between atomic parts:
   a. The relationship between Rima's discovery and her reconciliation with Nuflo is meaningful and grounded in the events of Chapters 12 and 13. Her discovery prompts the confrontation and subsequent reconciliation.
   b. The relationship between Rima's discovery and her request to stay is not valid, as there is no evidence in the chapter outline or summary that she makes such a request.
   c. The claim does not contradict the summary or outline, but it introduces an element (Rima's request to stay) that is not supported by the provided information.

Since part 1c is not grounded in the chapter outline or summary, and the relationship in 2b is not valid, the claim is INVALID."
The narrator's relationship with the Indians at Runi's village near the Curicay stream evolves from initial isolation due to disappointment to a noticeable change in their behavior towards him during a later visit.,The narrator's relationship with the Indians at Runi's village near the Curicay stream evolves from initial friendship to isolation due to disappointment during a later visit.,"In Chapter 2, the narrator arrives at Runi's village and keeps to himself due to disappointment. Later, in Chapter 14, when he visits his Indian friends, he notices a change in their behavior towards him. This demonstrates a significant shift in the dynamics between the narrator and the Indians over time.","This corrupted fact reverses the order of events, stating that the narrator initially had a friendship with the Indians, which is not supported by the chapter outlines.","Chapter 2, 14","- Chapter 2, item 4: The narrator arrives at Runi's village near the Curicay stream and initially keeps to himself due to his disappointment.
- Chapter 14, item 3: The narrator leaves to visit his Indian friends, noticing a change in their behavior towards him.
- Relationship: Change in the narrator's relationship with the Indians over time",Unique,Valid claim,VALID,"1. Analysis of atomic parts:
   a. ""The narrator's relationship with the Indians at Runi's village near the Curicay stream evolves from initial isolation due to disappointment"": This part is grounded in Chapter 2, where the narrator initially keeps to himself due to disappointment after not finding gold in Parahuari (event 4).
   b. ""to a noticeable change in their behavior towards him during a later visit"": This part is grounded in Chapter 14, where the narrator notices a change in the Indians' behavior towards him (event 3).

2. Analysis of the relationship between atomic parts:
   a. The relationship is meaningful and valid. The claim describes an evolution in the relationship between the narrator and the Indians, which is supported by the chapter outlines. Initially, the narrator is isolated due to his disappointment, and later, there is a noticeable change in the Indians' behavior towards him.
   b. The relationship is not a subjective interpretation; it is explicitly supported by the events described in the chapter outlines.
   c. The relationship makes sense based on the book summary and chapter outline. The summary describes the protagonist's journey and interactions with indigenous tribes, which aligns with the evolving relationship described in the claim.

Since all considerations are satisfied, the claim is VALID.",INVALID,"1. Analysis of atomic parts:
   a. ""The narrator's relationship with the Indians at Runi's village near the Curicay stream evolves from initial friendship"": This part is grounded in Chapter 2, where the narrator forms a bond with Runi by drinking casserie together and sharing animosity towards Managa.
   b. ""to isolation due to disappointment during a later visit"": This part is not explicitly grounded in the chapter outline. Chapter 14 mentions a change in the Indians' behavior towards the narrator, but it does not specify isolation or disappointment as the cause.

2. Analysis of the relationship between atomic parts:
   a. The relationship suggests a progression from friendship to isolation, which is not explicitly detailed in the chapter outline. The outline does not provide a clear causal link between the initial friendship and later isolation.
   b. The relationship is a subjective interpretation, as the chapter outline does not explicitly state that the narrator's disappointment leads to isolation.
   c. The relationship does not contradict the summary or outline, but it lacks explicit support from the provided information.

Since 1b. and 2a. are not satisfied, the claim is INVALID."
